t,x,y,z,odom_yaw,cx,cy,cz,label,rot1,rot2,rot3,rot4,rot5,rot6,rot7,rot8,rot9
1.71201E+18,6.03997,-0.455257,-0.00958215,0.543737,5.92867,-0.133369,0.801628,Five,0.987501,-0.053289,-0.148329,0.053178,0.998574,-0.00471688,0.148369,-0.00322993,0.988927
1.71201E+18,6.09057,-0.463443,-0.0101925,0.558249,5.97915,-0.138711,0.808675,Five,0.987497,-0.0533108,-0.148348,0.0532006,0.998573,-0.00471405,0.148387,-0.00323708,0.988924
1.71201E+18,6.13138,-0.0818667,-0.0177898,-0.662856,6.00024,0.244665,0.805892,Five,0.987498,-0.0533339,-0.148333,0.053223,0.998571,-0.00471928,0.148373,-0.00323445,0.988926
1.71201E+18,5.98927,-0.0824159,-0.0159974,-0.665174,5.85969,0.236501,0.78646,Five,0.987502,-0.0533275,-0.148312,0.0532158,0.998572,-0.00472425,0.148353,-0.00322736,0.988929
1.71201E+18,6.13426,-0.0878392,-0.0176979,-0.614233,6.00342,0.238827,0.80627,Five,0.987502,-0.0533307,-0.148307,0.0532186,0.998572,-0.00472671,0.148347,-0.00322503,0.98893
1.71201E+18,6.0168,-0.0894763,-0.0162822,-0.606986,5.88731,0.230926,0.790174,Five,0.987504,-0.0533297,-0.148294,0.0532173,0.998572,-0.00472831,0.148334,-0.00322258,0.988932
1.71201E+18,5.98777,-0.0924456,-0.0158478,-0.586184,5.85874,0.226443,0.786331,Five,0.987504,-0.0533346,-0.148298,0.0532221,0.998572,-0.00472946,0.148338,-0.00322236,0.988931
1.71201E+18,6.03671,-0.0962375,-0.0165615,-0.545281,5.90737,0.225175,0.79295,Five,0.987503,-0.0533202,-0.148306,0.0532072,0.998572,-0.0047319,0.148347,-0.00321821,0.98893
1.71201E+18,5.94211,-0.0970476,-0.0151578,-0.555874,5.81379,0.219219,0.780293,Five,0.987504,-0.0533031,-0.148304,0.0531893,0.998573,-0.00473599,0.148345,-0.00321138,0.98893
1.71201E+18,6.10551,-0.103319,-0.0171149,-0.488234,5.97577,0.221676,0.802615,Five,0.987504,-0.0533055,-0.148304,0.0531924,0.998573,-0.00473156,0.148345,-0.00321621,0.988931
1.71201E+18,5.97096,-0.104392,-0.0155719,-0.491973,5.84274,0.21355,0.784104,Five,0.987505,-0.0533211,-0.148291,0.0532107,0.998572,-0.00471434,0.148331,-0.00323522,0.988933
1.71201E+18,5.95986,-0.10791,-0.0153787,-0.467278,5.83194,0.209607,0.782613,Five,0.987505,-0.053344,-0.148284,0.0532381,0.998571,-0.00468637,0.148322,-0.00326655,0.988934
1.71201E+18,5.89894,-0.109659,-0.0143783,-0.453115,5.77171,0.204627,0.774622,Five,0.987504,-0.053345,-0.148293,0.0532405,0.998571,-0.00467758,0.14833,-0.00327606,0.988932
1.71201E+18,5.85141,-0.111895,-0.0141248,-0.4493,5.72485,0.199845,0.767897,Five,0.987502,-0.0533423,-0.148304,0.0532374,0.998571,-0.00467966,0.148342,-0.00327416,0.988931
1.71201E+18,5.76601,-0.113389,-0.0130383,-0.462764,5.64043,0.193822,0.756372,Five,0.9875,-0.0533469,-0.148315,0.0532409,0.998571,-0.00468737,0.148353,-0.00326765,0.988929
1.71201E+18,5.95212,-0.120159,-0.0153005,-0.350804,5.82491,0.196834,0.781765,Five,0.987502,-0.0533243,-0.148314,0.0532162,0.998572,-0.00469957,0.148353,-0.0032519,0.988929
1.71201E+18,5.8744,-0.122225,-0.0140464,-0.34771,5.74809,0.190565,0.771477,Five,0.987502,-0.0533153,-0.148313,0.0532054,0.998572,-0.0047113,0.148352,-0.00323862,0.988929
1.71201E+18,5.78084,-0.124012,-0.0131922,-0.371146,5.65567,0.183839,0.758439,Five,0.987502,-0.0533241,-0.148311,0.0532123,0.998572,-0.00472454,0.148351,-0.0032265,0.988929
1.71201E+18,5.76335,-0.12714,-0.0122484,-0.353693,5.63844,0.179783,0.75668,Five,0.987505,-0.0533213,-0.148293,0.0532129,0.998572,-0.00470113,0.148332,-0.00324872,0.988932
1.71201E+18,5.67989,-0.128537,-0.0119612,-0.365393,5.55607,0.173858,0.744523,Five,0.987508,-0.0533027,-0.148282,0.0531974,0.998573,-0.00467884,0.14832,-0.00326784,0.988934
1.71201E+18,5.77378,-0.134069,-0.0124082,-0.299875,5.64914,0.173214,0.758087,Five,0.987507,-0.0532848,-0.148293,0.0531772,0.998574,-0.00469275,0.148331,-0.00325167,0.988932
1.71201E+18,5.69365,-0.135795,-0.0115423,-0.331035,5.57,0.167128,0.746921,Five,0.987512,-0.053268,-0.148268,0.0531602,0.998575,-0.00469219,0.148306,-0.00324836,0.988936
1.71201E+18,5.71316,-0.140602,-0.0117989,0.222579,5.58957,0.163383,0.749474,Five,0.987514,-0.0532699,-0.14825,0.0531632,0.998575,-0.00468515,0.148288,-0.00325481,0.988939
1.71201E+18,5.6728,-0.143416,-0.0105196,0.188386,5.54968,0.158469,0.7447,Five,0.987515,-0.053279,-0.148239,0.0531715,0.998574,-0.00469093,0.148277,-0.00324972,0.98894
1.71201E+18,5.64737,-0.146137,-0.00962956,-0.241217,5.52457,0.154353,0.74189,Five,0.987514,-0.053271,-0.148252,0.0531641,0.998575,-0.00468694,0.14829,-0.00325324,0.988939
1.71201E+18,5.66778,-0.150372,-0.0110046,-0.185418,5.54516,0.151189,0.743592,Five,0.987514,-0.0532644,-0.148255,0.0531593,0.998575,-0.00467385,0.148293,-0.00326567,0.988938
1.71201E+18,5.61522,-0.152938,-0.00968274,0.0912949,5.4932,0.145851,0.737108,Five,0.987514,-0.0532693,-0.148255,0.0531636,0.998575,-0.00467859,0.148293,-0.00326158,0.988938
1.71201E+18,5.54673,-0.154741,-0.00905987,-0.194011,5.42557,0.140412,0.727553,Five,0.987514,-0.0532676,-0.148251,0.0531646,0.998575,-0.00466021,0.148288,-0.00327971,0.988939
1.71201E+18,5.52351,-0.158177,-0.00821188,0.125797,5.4027,0.135776,0.724938,Five,0.987514,-0.0532712,-0.148248,0.0531708,0.998575,-0.00464302,0.148284,-0.0032974,0.988939
1.71201E+18,5.49126,-0.160689,-0.00773044,0.135037,5.37091,0.131528,0.720672,Five,0.987514,-0.0532665,-0.148254,0.0531667,0.998575,-0.00463932,0.14829,-0.00330077,0.988938
1.71201E+18,5.4561,-0.162473,-0.00764369,-0.186913,5.33627,0.127843,0.715576,Five,0.987513,-0.0532585,-0.148259,0.0531605,0.998575,-0.00462631,0.148294,-0.00331297,0.988938
1.71201E+18,5.4672,-0.167422,-0.007194,0.122365,5.34744,0.123477,0.717555,Five,0.987517,-0.0532576,-0.148235,0.0531583,0.998575,-0.00463474,0.148271,-0.00330305,0.988941
1.71201E+18,5.54783,-0.172974,-0.00833393,0.0305926,5.42756,0.122271,0.72828,Five,0.98752,-0.0532663,-0.148213,0.0531667,0.998575,-0.00463692,0.148249,-0.00330096,0.988945
1.71201E+18,5.48278,-0.174796,-0.00741346,-0.134308,5.36325,0.116975,0.719744,Five,0.987515,-0.0532609,-0.148249,0.0531642,0.998575,-0.00461744,0.148283,-0.00332172,0.988939
1.71201E+18,5.45719,-0.178021,-0.00717857,0.0234557,5.3381,0.11233,0.716266,Five,0.987514,-0.0532471,-0.148263,0.0531529,0.998576,-0.00460048,0.148296,-0.00333754,0.988937
1.71201E+18,5.41108,-0.180474,-0.00637718,-0.0925156,5.29258,0.107539,0.710259,Five,0.987512,-0.053266,-0.148268,0.0531736,0.998575,-0.00458969,0.148301,-0.00335158,0.988937
1.71201E+18,5.41086,-0.185005,-0.00648963,0.024633,5.29261,0.102948,0.710155,Five,0.987512,-0.0532562,-0.148273,0.0531634,0.998575,-0.00459184,0.148306,-0.00334819,0.988936
1.71201E+18,5.3755,-0.187604,-0.00589758,-0.0180739,5.25775,0.0984,0.705474,Five,0.987513,-0.053243,-0.148267,0.0531503,0.998576,-0.00459039,0.1483,-0.00334735,0.988937
1.71201E+18,5.40503,-0.191251,-0.00671335,-0.114607,5.28724,0.0962271,0.708977,Five,0.987516,-0.0532216,-0.148252,0.0531312,0.998577,-0.00457301,0.148285,-0.0033609,0.988939
1.71201E+18,5.37173,-0.194179,-0.00578341,0.00172735,5.25436,0.0916306,0.705015,Five,0.987514,-0.0532397,-0.148261,0.0531498,0.998576,-0.00457123,0.148293,-0.00336588,0.988938
1.71201E+18,5.37542,-0.197735,-0.00588931,-0.0472896,5.25818,0.0883936,0.705635,Five,0.987508,-0.0532641,-0.148291,0.0531716,0.998575,-0.00459102,0.148325,-0.00335122,0.988933
1.71201E+18,5.41958,-0.203282,-0.00654877,-0.0266714,5.30219,0.0851786,0.711536,Five,0.987509,-0.0532608,-0.148288,0.0531666,0.998575,-0.00460233,0.148322,-0.00333913,0.988933
1.71201E+18,5.41876,-0.207757,-0.00651022,-0.0232914,5.30163,0.0806647,0.711354,Five,0.987512,-0.0532639,-0.148267,0.0531663,0.998575,-0.0046245,0.148302,-0.00331605,0.988937
1.71201E+18,5.33215,-0.207784,-0.00449605,-0.0452719,5.21581,0.0760575,0.700496,Five,0.987512,-0.0532696,-0.148266,0.0531726,0.998575,-0.00462051,0.148301,-0.00332088,0.988937
1.71201E+18,5.33141,-0.212167,-0.00491725,-0.0331641,5.21539,0.0716165,0.699887,Five,0.987515,-0.0532625,-0.148248,0.0531675,0.998575,-0.00460609,0.148282,-0.00333339,0.98894
1.71201E+18,5.33099,-0.216634,-0.00478818,-0.0295995,5.2152,0.0671848,0.69986,Five,0.987517,-0.0532747,-0.148228,0.0531774,0.998574,-0.00462257,0.148263,-0.00331749,0.988942
1.71201E+18,5.32859,-0.219998,-0.00474714,-0.008627,5.213,0.0638206,0.699564,Five,0.987516,-0.0532979,-0.148229,0.0532004,0.998573,-0.00462533,0.148264,-0.00331826,0.988942
1.71201E+18,5.40702,-0.230014,-0.00618645,0.0246498,5.29117,0.058015,0.710045,Five,0.987509,-0.0532997,-0.148274,0.0532035,0.998573,-0.00461832,0.148309,-0.00332805,0.988936
1.71201E+18,5.36481,-0.232112,-0.00551894,0.0176974,5.2495,0.0536647,0.704454,Five,0.987509,-0.0532982,-0.148274,0.0532023,0.998573,-0.00461585,0.148309,-0.00333035,0.988935
1.71201E+18,5.32315,-0.234216,-0.00481628,0.0101597,5.20837,0.0493821,0.698936,Five,0.98751,-0.0533074,-0.148267,0.0532095,0.998573,-0.00462989,0.148302,-0.00331713,0.988937
1.71201E+18,5.35315,-0.239395,-0.00522174,-0.133358,5.23836,0.0458941,0.702848,Five,0.987513,-0.0533263,-0.148238,0.0532252,0.998572,-0.00465113,0.148274,-0.00329693,0.988941
1.71201E+18,5.3181,-0.24174,-0.00348174,-0.106127,5.20362,0.0417041,0.699293,Five,0.987515,-0.053332,-0.148221,0.05323,0.998571,-0.004658,0.148258,-0.00328998,0.988943
1.71201E+18,5.36352,-0.246693,-0.00354078,0.0108423,5.24874,0.0391839,0.706022,Five,0.987514,-0.0533361,-0.148228,0.0532313,0.998571,-0.00467652,0.148266,-0.00327224,0.988942
1.71201E+18,5.40172,-0.252408,-0.00517852,0.0251372,5.28702,0.0355325,0.71005,Five,0.987515,-0.0533408,-0.148222,0.053234,0.998571,-0.00469086,0.14826,-0.00325813,0.988943
1.71201E+18,5.37503,-0.254386,-0.00481616,-0.17066,5.26072,0.0321721,0.70641,Five,0.987516,-0.0533491,-0.148213,0.053241,0.998571,-0.00469999,0.148251,-0.00324967,0.988944
1.71201E+18,5.42945,-0.260046,-0.00501893,0.0591315,5.31479,0.029492,0.714336,Five,0.987514,-0.0533623,-0.14822,0.0532545,0.99857,-0.00469886,0.148259,-0.0032532,0.988943
1.71201E+18,5.36156,-0.259612,-0.00349951,0.0932646,5.24749,0.0263033,0.705849,Five,0.987512,-0.0533607,-0.148234,0.0532545,0.99857,-0.00468843,0.148273,-0.00326426,0.988941
1.71201E+18,5.45913,-0.268062,-0.00560312,-0.0257328,5.34458,0.0229202,0.718339,Five,0.987511,-0.053332,-0.148249,0.053227,0.998571,-0.00467867,0.148286,-0.00327059,0.988939
1.71201E+18,5.43947,-0.270071,-0.0053443,0.107218,5.32524,0.0199086,0.715738,Five,0.987509,-0.053337,-0.148258,0.0532348,0.998571,-0.00466042,0.148295,-0.00329026,0.988938
1.71201E+18,5.42825,-0.273571,-0.00522652,0.164445,5.31432,0.015877,0.71427,Five,0.987507,-0.0533472,-0.14827,0.053246,0.998571,-0.00465493,0.148307,-0.00329802,0.988936
1.71201E+18,5.49987,-0.281133,-0.00635193,0.139191,5.3856,0.0121137,0.723845,Five,0.987506,-0.0533457,-0.148278,0.0532404,0.998571,-0.00468206,0.148316,-0.00327082,0.988935
1.71201E+18,5.48563,-0.28352,-0.00560112,-0.250244,5.37157,0.0090587,0.722403,Five,0.987507,-0.0533638,-0.148263,0.0532568,0.99857,-0.00469495,0.148302,-0.00325972,0.988937
1.71201E+18,5.48325,-0.287231,-0.00583597,0.153428,5.36948,0.00523072,0.721678,Five,0.987511,-0.0533666,-0.148235,0.0532573,0.99857,-0.00470896,0.148275,-0.00324447,0.988941
1.71201E+18,5.47439,-0.290609,-0.00547334,0.208262,5.36088,0.00137118,0.720578,Five,0.987516,-0.0533637,-0.148207,0.0532549,0.99857,-0.00470493,0.148246,-0.00324655,0.988945
1.71201E+18,5.55228,-0.298956,-0.00613984,0.171963,5.43833,-0.00279136,0.731499,Five,0.987515,-0.0533676,-0.148208,0.0532589,0.99857,-0.00470453,0.148247,-0.00324762,0.988945
1.71201E+18,5.68264,-0.308826,-0.00805159,0.0877157,5.56788,-0.00573926,0.748931,Five,0.987517,-0.0533581,-0.148202,0.0532512,0.99857,-0.00469179,0.14824,-0.00325872,0.988946
1.71201E+18,5.54706,-0.304587,-0.00635164,0.232092,5.43355,-0.00880161,0.7303,Five,0.987523,-0.0533423,-0.148166,0.0532391,0.998571,-0.00466577,0.148203,-0.00328067,0.988951
1.71201E+18,5.71742,-0.317753,-0.0082651,0.151914,5.60278,-0.0129537,0.753622,Five,0.987526,-0.0533273,-0.148153,0.0532245,0.998572,-0.00466068,0.148189,-0.00328281,0.988954
1.71201E+18,5.72071,-0.322107,-0.00809497,0.187818,5.60627,-0.01715,0.75409,Five,0.987531,-0.0533232,-0.148117,0.0532205,0.998572,-0.00465917,0.148154,-0.00328181,0.988959
1.71201E+18,5.6549,-0.321991,-0.00692514,0.277525,5.54112,-0.0205296,0.745319,Five,0.987536,-0.0533266,-0.148086,0.0532226,0.998572,-0.0046676,0.148124,-0.00327212,0.988963
1.71201E+18,5.69277,-0.328245,-0.00679788,0.284716,5.57885,-0.0247532,0.750995,Five,0.987538,-0.0533291,-0.148072,0.0532238,0.998572,-0.00467617,0.14811,-0.00326306,0.988966
1.71201E+18,5.66037,-0.329936,-0.00628754,0.309425,5.54685,-0.0283036,0.74678,Five,0.987537,-0.0533061,-0.148085,0.0532,0.998573,-0.00467993,0.148124,-0.00325654,0.988963
1.71201E+18,5.68597,-0.334364,-0.00680919,0.328411,5.57244,-0.0313154,0.750124,Five,0.987535,-0.0533141,-0.148095,0.0532081,0.998572,-0.00468034,0.148133,-0.00325783,0.988962
1.71201E+18,5.80288,-0.34537,-0.00896074,0.299098,5.68882,-0.0359547,0.765221,Five,0.987537,-0.0533344,-0.148072,0.0532287,0.998571,-0.00467962,0.14811,-0.00326039,0.988965
1.71201E+18,5.74846,-0.34534,-0.00806115,0.352339,5.63496,-0.0387607,0.75792,Five,0.98754,-0.0533431,-0.14805,0.0532401,0.998571,-0.00466204,0.148087,-0.00327822,0.988969
1.71201E+18,5.82949,-0.353283,-0.00920559,0.330367,5.71557,-0.0423218,0.768824,Five,0.98754,-0.0533518,-0.148051,0.0532488,0.99857,-0.00466181,0.148088,-0.00327983,0.988969
1.71201E+18,5.75764,-0.352085,-0.00816524,0.405159,5.64439,-0.0448538,0.759274,Five,0.987537,-0.053372,-0.148063,0.0532665,0.998569,-0.00468015,0.148101,-0.00326496,0.988967
1.71201E+18,5.84791,-0.360277,-0.00890448,0.377152,5.73409,-0.0482256,0.7719,Five,0.987538,-0.0533716,-0.148056,0.053266,0.998569,-0.00468147,0.148094,-0.00326321,0.988968
1.71201E+18,5.82373,-0.361398,-0.00815121,0.422897,5.71014,-0.0505593,0.769231,Five,0.987533,-0.053386,-0.148084,0.053279,0.998569,-0.00469156,0.148122,-0.00325669,0.988964
1.71201E+18,5.86169,-0.367026,-0.00917731,0.425703,5.74808,-0.0540522,0.773889,Five,0.987531,-0.053405,-0.148089,0.0532961,0.998568,-0.00470636,0.148128,-0.0032449,0.988963
1.71201E+18,5.95158,-0.374725,-0.0105104,0.409751,5.83746,-0.0569415,0.785789,Five,0.987534,-0.0534049,-0.148069,0.0532963,0.998568,-0.00470409,0.148108,-0.00324608,0.988966
1.71201E+18,5.88808,-0.374054,-0.00931061,0.45812,5.77458,-0.0596596,0.777355,Five,0.98754,-0.0534032,-0.148032,0.0532967,0.998568,-0.0046894,0.148071,-0.00325867,0.988971
1.71201E+18,5.94143,-0.381146,-0.00992117,0.473444,5.82776,-0.0637825,0.784497,Five,0.987543,-0.0534221,-0.148003,0.0533155,0.998567,-0.00469023,0.148041,-0.00325905,0.988976
1.71201E+18,5.88577,-0.380971,-0.00906331,0.519948,5.77265,-0.0665807,0.777112,Five,0.987543,-0.0534218,-0.148004,0.0533154,0.998567,-0.00468938,0.148042,-0.00325993,0.988976
1.71201E+18,5.93594,-0.387436,-0.00968379,0.526972,5.82264,-0.0703308,0.783935,Five,0.987543,-0.053424,-0.148002,0.0533202,0.998567,-0.00467206,0.148039,-0.00327762,0.988976
1.71201E+18,6.20572,-0.407934,-0.0123315,0.496592,6.09055,-0.0763681,0.821279,Five,0.987544,-0.0534305,-0.147995,0.0533255,0.998566,-0.0046802,0.148033,-0.00327,0.988977
1.71201E+18,5.93085,-0.393161,-0.00965757,0.574245,5.81792,-0.0763495,0.783214,Five,0.987543,-0.0534226,-0.148,0.0533148,0.998567,-0.00469819,0.148039,-0.00325093,0.988976
1.71201E+18,5.99363,-0.0195222,-0.00942005,-0.686945,5.85992,0.300031,0.791492,Five,0.987545,-0.053411,-0.147994,0.0533034,0.998567,-0.00469584,0.148033,-0.00325124,0.988977
1.71201E+18,5.85388,-0.023093,-0.00774619,-0.682672,5.72188,0.28908,0.77235,Five,0.987547,-0.0534225,-0.147974,0.0533157,0.998567,-0.00469085,0.148012,-0.00325689,0.98898
1.71201E+18,6.01613,-0.02823,-0.00953561,-0.628589,5.88266,0.292652,0.794514,Five,0.987549,-0.0534283,-0.147958,0.0533228,0.998566,-0.00468242,0.147996,-0.0032654,0.988983
1.71201E+18,5.83944,-0.0311034,-0.00727128,-0.644816,5.70799,0.28037,0.77053,Five,0.987551,-0.0534303,-0.147944,0.0533262,0.998566,-0.00467327,0.147982,-0.00327419,0.988985
1.71201E+18,5.85054,-0.0366735,-0.00750054,-0.600495,5.71929,0.275397,0.771976,Five,0.987551,-0.0534293,-0.147946,0.0533255,0.998566,-0.00467136,0.147983,-0.00327608,0.988984
1.71201E+18,5.87919,-0.0415444,-0.00803019,-0.569843,5.7479,0.272156,0.77578,Five,0.987548,-0.0534448,-0.147958,0.0533413,0.998565,-0.00467015,0.147996,-0.0032803,0.988983
1.71201E+18,5.99491,-0.0469613,-0.00901944,-0.516824,5.86262,0.273041,0.791866,Five,0.987549,-0.0534676,-0.147944,0.0533608,0.998564,-0.00469392,0.147983,-0.00325894,0.988985
1.71201E+18,5.84684,-0.0498751,-0.00724879,-0.530008,5.71632,0.262226,0.771523,Five,0.987554,-0.0534672,-0.147912,0.0533614,0.998564,-0.00468634,0.14795,-0.00326476,0.988989
1.71201E+18,5.88025,-0.0547329,-0.0076924,-0.495737,5.74965,0.259169,0.775978,Five,0.987556,-0.0534687,-0.147901,0.0533629,0.998564,-0.0046863,0.147939,-0.00326442,0.988991
1.71201E+18,5.85573,-0.0592198,-0.00737433,-0.480875,5.72561,0.253399,0.772811,Five,0.987552,-0.0534743,-0.147922,0.0533664,0.998564,-0.00470135,0.147961,-0.00325125,0.988988
1.71201E+18,5.71434,-0.0629603,-0.00475036,-0.495863,5.58579,0.242061,0.7545,Five,0.987553,-0.0534646,-0.147923,0.0533584,0.998564,-0.00468888,0.147962,-0.00326243,0.988988
1.71201E+18,5.74516,-0.0679549,-0.00578372,-0.453188,5.61665,0.238683,0.758065,Five,0.987553,-0.053456,-0.147925,0.0533515,0.998565,-0.00467725,0.147963,-0.003273,0.988987
1.71201E+18,5.77035,-0.072782,-0.00614222,-0.404764,5.64183,0.235186,0.761489,Five,0.987552,-0.0534505,-0.147932,0.0533476,0.998565,-0.00466607,0.147969,-0.00328383,0.988987
1.71201E+18,5.68397,-0.0767138,-0.00439046,-0.42171,5.55648,0.226754,0.750436,Five,0.987552,-0.053468,-0.14793,0.0533671,0.998564,-0.00465359,0.147966,-0.00329892,0.988987
1.71201E+18,5.595,-0.0792128,-0.00322123,-0.391647,5.46856,0.219506,0.738577,Five,0.987548,-0.0534702,-0.147954,0.0533673,0.998564,-0.00466806,0.147991,-0.00328599,0.988983
1.71201E+18,5.63382,-0.0865374,-0.00363978,-0.375622,5.50735,0.214237,0.743877,Five,0.987549,-0.0534691,-0.147944,0.0533623,0.998564,-0.00469366,0.147982,-0.00325939,0.988985
1.71201E+18,5.61324,-0.0917444,-0.00278219,0.31976,5.4872,0.207885,0.741596,Five,0.987553,-0.0534596,-0.147926,0.0533532,0.998565,-0.00469039,0.147964,-0.0032603,0.988987
1.71201E+18,5.79337,-0.0992246,-0.00645412,-0.224907,5.66602,0.209973,0.764678,Five,0.987552,-0.0534477,-0.147932,0.0533412,0.998565,-0.00469015,0.147971,-0.00325911,0.988986
1.71201E+18,5.6062,-0.101718,-0.00268494,0.288037,5.48075,0.197567,0.740741,Five,0.987551,-0.0534614,-0.147937,0.0533563,0.998565,-0.00468221,0.147974,-0.00326942,0.988986
1.71201E+18,5.59247,-0.107252,-0.00241034,0.232736,5.46745,0.19133,0.738938,Five,0.987552,-0.0534624,-0.147926,0.0533605,0.998564,-0.00466056,0.147963,-0.00329088,0.988987
1.71201E+18,5.60965,-0.112406,-0.00265088,-0.219281,5.48472,0.187067,0.741333,Five,0.987551,-0.0534591,-0.147939,0.0533542,0.998565,-0.00468011,0.147977,-0.00327132,0.988985
1.71201E+18,5.70936,-0.119727,-0.00459499,0.107494,5.58389,0.184991,0.754077,Five,0.987554,-0.0534428,-0.147919,0.053338,0.998566,-0.00467826,0.147957,-0.00326968,0.988988
1.71201E+18,5.56853,-0.122276,-0.00247958,-0.206039,5.44464,0.174845,0.735345,Five,0.987555,-0.0534295,-0.14792,0.0533236,0.998566,-0.00468403,0.147958,-0.00326188,0.988988
1.71201E+18,5.51445,-0.127082,-0.00111752,-0.157317,5.39129,0.167377,0.728706,Five,0.987553,-0.0534684,-0.14792,0.0533636,0.998564,-0.00468038,0.147958,-0.0032714,0.988988
1.71201E+18,5.52554,-0.132597,-0.00134787,-0.199892,5.40254,0.1626,0.730222,Five,0.987549,-0.053494,-0.147935,0.0533884,0.998563,-0.00468747,0.147973,-0.00326892,0.988986
1.71201E+18,5.43278,-0.136112,-7.43E-05,-0.201691,5.31093,0.154212,0.717842,Five,0.987546,-0.0535081,-0.147949,0.0534032,0.998562,-0.00468407,0.147987,-0.0032752,0.988984
1.71201E+18,5.44422,-0.142661,-0.000633772,-0.127045,5.32268,0.148276,0.718863,Five,0.98755,-0.0535037,-0.147924,0.0534015,0.998562,-0.00466567,0.147961,-0.00329175,0.988988
1.71201E+18,5.43779,-0.146863,-0.00051448,-0.139258,5.31654,0.143602,0.71803,Five,0.987552,-0.0534785,-0.147921,0.0533768,0.998564,-0.0046606,0.147958,-0.00329298,0.988988
1.71201E+18,5.39797,-0.153153,0.000664033,-0.0865893,5.27739,0.135008,0.713285,Five,0.987555,-0.0534419,-0.147915,0.0533431,0.998565,-0.00463754,0.14795,-0.00331039,0.988989
1.71201E+18,5.37623,-0.157302,0.000946238,0.00643436,5.25611,0.129585,0.710319,Five,0.987557,-0.0534216,-0.147907,0.0533209,0.998567,-0.00464903,0.147943,-0.00329533,0.98899
1.71201E+18,5.39775,-0.162845,0.000665338,-0.129502,5.27769,0.125189,0.71333,Five,0.987555,-0.0534197,-0.147923,0.0533191,0.998567,-0.00464829,0.147959,-0.00329665,0.988988
1.71201E+18,5.37466,-0.170624,0.000930993,0.00781448,5.25526,0.11618,0.710196,Five,0.987555,-0.0534206,-0.147921,0.0533176,0.998567,-0.00466412,0.147958,-0.00328072,0.988988
1.71201E+18,5.28697,-0.17439,0.00239341,-0.0777622,5.16866,0.107754,0.698591,Five,0.987558,-0.0534196,-0.147905,0.0533208,0.998567,-0.00463625,0.147941,-0.00330784,0.988991
1.71201E+18,5.28971,-0.180049,0.0023825,-0.0621548,5.17167,0.102316,0.698994,Five,0.987558,-0.0534302,-0.147903,0.0533334,0.998566,-0.00462282,0.147938,-0.00332289,0.988991
1.71201E+18,5.37461,-0.188421,0.0017091,-0.0704251,5.25605,0.0984135,0.710956,Five,0.987557,-0.0534126,-0.147911,0.0533198,0.998567,-0.00459591,0.147945,-0.00334787,0.98899
1.71201E+18,5.33355,-0.192984,0.00162276,-0.032171,5.21574,0.0915416,0.704942,Five,0.987555,-0.0533873,-0.147936,0.0532959,0.998568,-0.00458486,0.147969,-0.00335659,0.988986
1.71201E+18,5.28972,-0.19638,0.0027589,-0.0551461,5.17247,0.08586,0.69965,Five,0.987553,-0.0533973,-0.147947,0.0533056,0.998568,-0.00458805,0.14798,-0.00335544,0.988985
1.71201E+18,5.2476,-0.199848,0.00340967,-0.0355917,5.13096,0.0802549,0.694035,Five,0.987553,-0.0534195,-0.14794,0.0533257,0.998567,-0.00460279,0.147973,-0.00334349,0.988986
1.71201E+18,5.33179,-0.20966,0.00206475,-0.0208051,5.21482,0.0749245,0.705257,Five,0.987551,-0.0534186,-0.147951,0.0533204,0.998567,-0.00463249,0.147986,-0.00331396,0.988984
1.71201E+18,5.28758,-0.21391,0.00337435,-0.072291,5.17119,0.068296,0.700015,Five,0.987552,-0.0534147,-0.147949,0.0533165,0.998567,-0.00463246,0.147984,-0.00331333,0.988984
1.71201E+18,5.33103,-0.221826,0.00337214,-0.0304117,5.21454,0.0627504,0.706426,Five,0.987552,-0.053419,-0.147941,0.0533243,0.998567,-0.00460912,0.147975,-0.00333711,0.988985
1.71201E+18,5.32927,-0.228405,0.00331346,-0.0141736,5.21315,0.0560982,0.706135,Five,0.987552,-0.0534183,-0.147942,0.0533264,0.998567,-0.00459029,0.147976,-0.00335608,0.988985
1.71201E+18,5.23473,-0.229829,0.00478345,0.0182078,5.11965,0.0496167,0.693575,Five,0.987553,-0.0534151,-0.147937,0.0533242,0.998567,-0.0045834,0.14797,-0.00336227,0.988986
1.71201E+18,5.32838,-0.240701,0.0041552,-0.0726545,5.21284,0.0439386,0.706687,Five,0.987556,-0.0534486,-0.147907,0.0533582,0.998565,-0.0045818,0.147939,-0.00336724,0.988991
1.71201E+18,5.28334,-0.244753,0.00449171,-0.0105106,5.16855,0.0375048,0.700191,Five,0.987561,-0.0534514,-0.147873,0.0533614,0.998565,-0.00457863,0.147905,-0.00336904,0.988996
1.71201E+18,5.26176,-0.248913,0.0052074,-0.10557,5.14736,0.0321352,0.697713,Five,0.987562,-0.0534373,-0.147871,0.0533499,0.998565,-0.00456009,0.147903,-0.00338556,0.988996
1.71201E+18,5.27141,-0.254625,0.00474079,0.0968246,5.15726,0.0269374,0.698662,Five,0.987563,-0.0534347,-0.147865,0.053348,0.998566,-0.00455562,0.147896,-0.00338931,0.988997
1.71201E+18,5.34601,-0.263491,0.00431259,0.0783301,5.23147,0.0220546,0.709289,Five,0.987563,-0.0534336,-0.147862,0.0533458,0.998566,-0.00456234,0.147894,-0.00338224,0.988997
1.71201E+18,5.36467,-0.269665,0.00397971,-0.00869738,5.25027,0.0169305,0.711818,Five,0.987561,-0.0534416,-0.147877,0.053354,0.998565,-0.00456133,0.147908,-0.00338522,0.988995
1.71201E+18,5.33307,-0.27359,0.00448101,0.0784734,5.21921,0.0113781,0.707597,Five,0.987562,-0.0534501,-0.147866,0.0533643,0.998565,-0.00455007,0.147897,-0.0033973,0.988997
1.71201E+18,5.38045,-0.282136,0.00390594,-0.156617,5.26656,0.00538585,0.713923,Five,0.987566,-0.0534522,-0.14784,0.0533663,0.998565,-0.00455042,0.147871,-0.00339584,0.989001
1.71201E+18,5.41631,-0.289088,0.00371968,0.0350857,5.3024,0.000415006,0.718901,Five,0.98757,-0.0534629,-0.14781,0.0533767,0.998564,-0.00455236,0.147841,-0.00339381,0.989005
1.71201E+18,5.44332,-0.295247,0.00331849,0.0150754,5.32945,-0.00431622,0.722545,Five,0.987569,-0.0534573,-0.147815,0.0533722,0.998564,-0.00454527,0.147845,-0.00340042,0.989005
1.71201E+18,5.43899,-0.29976,0.00325609,0.0484683,5.32542,-0.00902739,0.721974,Five,0.987566,-0.0534645,-0.147836,0.0533769,0.998564,-0.00456269,0.147867,-0.00338504,0.989001
1.71201E+18,5.41998,-0.30375,0.0035638,0.121933,5.30681,-0.0140664,0.719487,Five,0.987566,-0.0534591,-0.147837,0.0533699,0.998564,-0.00457312,0.147869,-0.00337378,0.989001
1.71201E+18,5.42994,-0.309541,0.00358072,0.180767,5.31697,-0.0193748,0.720822,Five,0.987571,-0.0534458,-0.147805,0.0533594,0.998565,-0.00455269,0.147836,-0.00339067,0.989006
1.71201E+18,5.48813,-0.317444,0.00285709,0.147931,5.37498,-0.0242443,0.728696,Five,0.987573,-0.0534286,-0.147798,0.0533437,0.998566,-0.004541,0.147828,-0.0033995,0.989007
1.71201E+18,5.52217,-0.32451,0.00238031,0.133734,5.40903,-0.0295567,0.733315,Five,0.987573,-0.0534136,-0.147804,0.0533303,0.998567,-0.00452943,0.147834,-0.00340929,0.989006
1.71201E+18,5.56278,-0.332391,0.00184843,0.151004,5.44965,-0.0351566,0.738831,Five,0.987572,-0.053431,-0.147806,0.0533484,0.998566,-0.00452625,0.147836,-0.00341521,0.989006
1.71201E+18,5.49954,-0.333505,0.00283709,0.209994,5.38712,-0.0396118,0.730393,Five,0.987574,-0.0534382,-0.147793,0.053355,0.998565,-0.00453028,0.147823,-0.00341151,0.989008
1.71201E+18,5.52902,-0.340762,0.002381,0.237995,5.41669,-0.0453604,0.734294,Five,0.987575,-0.0534242,-0.147788,0.0533411,0.998566,-0.00452897,0.147818,-0.00341045,0.989009
1.71201E+18,5.59469,-0.349369,0.00164138,0.196869,5.48211,-0.0505179,0.743232,Five,0.987578,-0.0534126,-0.147776,0.0533288,0.998567,-0.00453233,0.147806,-0.00340468,0.98901
1.71201E+18,5.55907,-0.352753,0.00229938,0.263971,5.44704,-0.0557991,0.738523,Five,0.98758,-0.0534134,-0.147757,0.0533289,0.998567,-0.0045367,0.147787,-0.00339934,0.989013
1.71201E+18,5.54539,-0.357524,0.00233441,0.329638,5.43376,-0.0613273,0.736705,Five,0.987577,-0.0534085,-0.147784,0.0533227,0.998567,-0.00454519,0.147815,-0.00339153,0.989009
1.71201E+18,5.52296,-0.363129,0.00277498,0.308909,5.41182,-0.0680372,0.733987,Five,0.987572,-0.0534266,-0.14781,0.053338,0.998566,-0.00456628,0.147842,-0.00337438,0.989005
1.71201E+18,5.5346,-0.368196,0.00248406,0.387295,5.42362,-0.0724151,0.735478,Five,0.98757,-0.0534341,-0.147817,0.0533489,0.998566,-0.00454436,0.147848,-0.00339802,0.989004
1.71201E+18,5.5534,-0.374902,0.00201003,0.409078,5.44261,-0.0780701,0.737889,Five,0.987568,-0.0534363,-0.147831,0.0533552,0.998565,-0.00451699,0.14786,-0.00342671,0.989002
1.71201E+18,5.54094,-0.380008,0.00219416,0.432923,5.43054,-0.0837093,0.736253,Five,0.987567,-0.0534598,-0.147832,0.0533779,0.998564,-0.00452439,0.147862,-0.00342283,0.989002
1.71201E+18,5.63399,-0.39198,0.00156834,0.441829,5.52318,-0.0908813,0.749384,Five,0.98757,-0.0534254,-0.147823,0.0533447,0.998566,-0.00451287,0.147852,-0.00342881,0.989004
1.71201E+18,5.69714,-0.401409,0.000769526,0.446704,5.58616,-0.0969851,0.757971,Five,0.98757,-0.0534135,-0.147825,0.0533342,0.998567,-0.00450337,0.147853,-0.00343671,0.989003
1.71201E+18,5.85597,-0.4181,-0.0006416,0.425271,5.74412,-0.105094,0.78006,Five,0.987571,-0.0534283,-0.147815,0.0533479,0.998566,-0.00451118,0.147844,-0.00343051,0.989005
1.71201E+18,5.69906,-0.412507,0.00112291,0.504818,5.58863,-0.10784,0.758443,Five,0.987574,-0.0534409,-0.14779,0.0533562,0.998565,-0.00454067,0.147821,-0.00340127,0.989008
1.71201E+18,5.91814,-0.433954,-0.00302792,0.464177,5.80675,-0.117535,0.786779,Five,0.987574,-0.0534444,-0.147788,0.0533583,0.998565,-0.00454973,0.147819,-0.0033925,0.989009
1.71201E+18,5.8331,-0.433119,-0.00128407,0.5217,5.72246,-0.121235,0.775989,Five,0.987572,-0.053448,-0.147798,0.0533604,0.998565,-0.00456018,0.147829,-0.00338305,0.989007
1.71201E+18,5.71455,-0.429005,0.000917895,0.585712,5.60482,-0.123432,0.760723,Five,0.987569,-0.0534568,-0.147815,0.0533658,0.998565,-0.00458416,0.147848,-0.00336108,0.989004
1.71201E+18,5.95671,-0.451747,-0.00143505,0.565191,5.84551,-0.133217,0.794477,Five,0.987564,-0.053453,-0.147848,0.0533642,0.998565,-0.00457006,0.14788,-0.00337659,0.988999
1.71201E+18,6.39947,-0.0831884,-0.0200255,-0.607545,6.26581,0.258363,0.840327,Five,0.987566,-0.0534232,-0.14785,0.053339,0.998566,-0.00453778,0.147881,-0.00340484,0.988999
1.71201E+18,6.23118,-0.084801,-0.016301,-0.624863,6.09913,0.247637,0.819278,Five,0.987563,-0.0534011,-0.147875,0.0533194,0.998567,-0.0045195,0.147905,-0.00342132,0.988996
1.71201E+18,5.89707,-0.083222,-0.0115253,-0.656035,5.76838,0.231327,0.774684,Five,0.987561,-0.0533903,-0.147893,0.0533108,0.998568,-0.00450432,0.147922,-0.00343601,0.988993
1.71201E+18,6.14633,-0.0907242,-0.0151478,-0.578627,6.01548,0.237184,0.80796,Five,0.987562,-0.0533956,-0.147888,0.0533179,0.998567,-0.00449276,0.147916,-0.00344818,0.988994
1.71201E+18,5.89343,-0.0900695,-0.0113943,-0.600428,5.76513,0.224273,0.77425,Five,0.987563,-0.0533841,-0.147886,0.0533072,0.998568,-0.00448624,0.147914,-0.00345294,0.988994
1.71201E+18,5.87465,-0.0938601,-0.0111035,-0.584958,5.74675,0.21945,0.771793,Five,0.987562,-0.0533765,-0.14789,0.0533012,0.998568,-0.00447504,0.147917,-0.00346331,0.988994
1.71201E+18,6.0146,-0.0987206,-0.0138263,-0.516449,5.88562,0.222048,0.789806,Five,0.987563,-0.0533719,-0.147888,0.053298,0.998569,-0.00446518,0.147915,-0.00347249,0.988994
1.71201E+18,5.97275,-0.101856,-0.0136898,-0.515841,5.84444,0.216688,0.783764,Five,0.987563,-0.0533713,-0.147889,0.0532983,0.998569,-0.00445885,0.147915,-0.00347883,0.988994
1.71201E+18,5.82075,-0.102584,-0.0107243,-0.516133,5.69394,0.20787,0.764106,Five,0.987565,-0.0533762,-0.14787,0.0533022,0.998568,-0.00446614,0.147896,-0.00347117,0.988997
1.71201E+18,6.07702,-0.110798,-0.0143653,-0.413704,5.94802,0.213391,0.798269,Five,0.987569,-0.0533837,-0.147842,0.0533101,0.998568,-0.00446313,0.147869,-0.00347384,0.989001
1.71201E+18,5.91252,-0.111133,-0.0123001,-0.434865,5.7853,0.204371,0.775843,Five,0.987572,-0.0533995,-0.147818,0.0533257,0.998567,-0.00446467,0.147844,-0.00347329,0.989005
1.71201E+18,5.89442,-0.114577,-0.0119213,-0.412351,5.76757,0.199974,0.773461,Five,0.987574,-0.0534008,-0.147802,0.0533273,0.998567,-0.00446281,0.147828,-0.00347451,0.989007
1.71201E+18,5.77099,-0.115552,-0.00886852,-0.429347,5.64529,0.192365,0.758175,Five,0.987576,-0.0533947,-0.147791,0.0533204,0.998567,-0.00446758,0.147818,-0.00346819,0.989009
1.71201E+18,5.70696,-0.117987,-0.00840746,-0.428799,5.58212,0.186537,0.74908,Five,0.987578,-0.0533999,-0.147774,0.0533238,0.998567,-0.0044798,0.147802,-0.00345572,0.989011
1.71201E+18,5.80986,-0.124683,-0.0106168,0.31837,5.68442,0.185439,0.762171,Five,0.987577,-0.0534129,-0.147782,0.0533396,0.998566,-0.00446169,0.147809,-0.00347638,0.98901
1.71201E+18,5.74578,-0.126776,-0.00977863,0.302533,5.62111,0.179951,0.753627,Five,0.987574,-0.053417,-0.147798,0.0533437,0.998566,-0.00446243,0.147825,-0.00347712,0.989007
1.71201E+18,5.83131,-0.131342,-0.0109767,0.229997,5.706,0.179868,0.765088,Five,0.987575,-0.0534013,-0.147796,0.0533283,0.998567,-0.00445966,0.147822,-0.00347745,0.989008
1.71201E+18,5.73882,-0.132941,-0.00940634,-0.296492,5.61452,0.173323,0.752904,Five,0.987577,-0.053399,-0.147784,0.0533266,0.998567,-0.00445491,0.14781,-0.00348124,0.98901
1.71201E+18,5.87785,-0.140135,-0.0115576,-0.196843,5.75253,0.173721,0.771383,Five,0.987575,-0.053425,-0.147789,0.0533535,0.998566,-0.00445102,0.147815,-0.00348935,0.989009
1.71201E+18,5.82305,-0.141871,-0.0106763,-0.199418,5.69837,0.169066,0.764123,Five,0.987576,-0.0534233,-0.147784,0.0533547,0.998566,-0.00443144,0.147808,-0.00350855,0.98901
1.71201E+18,5.59897,-0.140249,-0.00657998,-0.28012,5.47639,0.158619,0.734966,Five,0.987579,-0.0534062,-0.147769,0.053338,0.998567,-0.0044267,0.147794,-0.00350999,0.989012
1.71201E+18,5.68004,-0.146537,-0.0078013,-0.239438,5.55698,0.156651,0.745751,Five,0.987579,-0.0534039,-0.147767,0.0533349,0.998567,-0.0044326,0.147792,-0.00350358,0.989012
1.71201E+18,5.64544,-0.149269,-0.00794344,0.120301,5.52298,0.151898,0.740517,Five,0.987581,-0.0533692,-0.147769,0.0533027,0.998569,-0.0044124,0.147793,-0.0035189,0.989012
1.71201E+18,5.53038,-0.14879,-0.0055298,-0.254914,5.40897,0.146141,0.725886,Five,0.987582,-0.0533493,-0.147768,0.0532864,0.99857,-0.0043875,0.147791,-0.003541,0.989012
1.71201E+18,5.65836,-0.1566,-0.00798377,0.101796,5.53616,0.145226,0.742279,Five,0.987585,-0.0533591,-0.147746,0.0532957,0.998569,-0.004391,0.147769,-0.00353775,0.989016
1.71201E+18,5.56066,-0.15725,-0.00587119,-0.162664,5.43939,0.13943,0.729969,Five,0.987583,-0.053372,-0.147752,0.0533082,0.998568,-0.0043946,0.147776,-0.00353639,0.989015
1.71201E+18,5.51919,-0.159099,-0.00534806,-0.179788,5.39843,0.135309,0.7245,Five,0.98758,-0.0533602,-0.147777,0.053297,0.998569,-0.00439059,0.1478,-0.00354002,0.989011
1.71201E+18,5.53908,-0.16394,-0.00567837,-0.120238,5.41838,0.131384,0.727147,Five,0.987581,-0.0533342,-0.14778,0.0532696,0.99857,-0.0043975,0.147803,-0.0035293,0.98901
1.71201E+18,5.45269,-0.164773,-0.00432213,-0.108127,5.33292,0.125908,0.715681,Five,0.987583,-0.0533285,-0.147772,0.053263,0.998571,-0.00440266,0.147796,-0.00352281,0.989012
1.71201E+18,5.46054,-0.169588,-0.00453337,0.0672619,5.34096,0.12165,0.716607,Five,0.987583,-0.0533515,-0.147765,0.053287,0.99857,-0.00439795,0.147788,-0.00353059,0.989013
1.71201E+18,5.44045,-0.172529,-0.00400122,-0.135415,5.3212,0.11775,0.714104,Five,0.987583,-0.0533732,-0.147752,0.0533071,0.998568,-0.00440965,0.147775,-0.00352131,0.989015
1.71201E+18,5.457,-0.176556,-0.00415482,-0.0959859,5.3378,0.114686,0.716328,Five,0.987585,-0.0533868,-0.147736,0.0533208,0.998568,-0.00440973,0.14776,-0.00352243,0.989017
1.71201E+18,5.39715,-0.178468,-0.00375805,-0.0869593,5.27874,0.109708,0.707859,Five,0.987584,-0.0534088,-0.147731,0.0533436,0.998566,-0.00440618,0.147755,-0.00352905,0.989018
1.71201E+18,5.41346,-0.182798,-0.00357161,0.0239631,5.29504,0.106373,0.710484,Five,0.987583,-0.0534304,-0.147734,0.0533657,0.998565,-0.00440512,0.147758,-0.00353352,0.989017
1.71201E+18,5.41561,-0.186275,-0.00354945,0.0142623,5.29735,0.103055,0.710792,Five,0.987584,-0.0534361,-0.147727,0.053373,0.998565,-0.00439392,0.147749,-0.00354524,0.989018
1.71201E+18,5.41682,-0.190713,-0.00343209,-0.0772638,5.29877,0.0986536,0.711084,Five,0.987585,-0.0534296,-0.147723,0.0533668,0.998565,-0.00439124,0.147746,-0.00354679,0.989019
1.71201E+18,5.37521,-0.193168,-0.00280948,-0.0588007,5.25772,0.0939693,0.705576,Five,0.987584,-0.0534285,-0.147726,0.0533649,0.998565,-0.00439681,0.147749,-0.00354114,0.989019
1.71201E+18,5.37428,-0.197556,-0.00283348,-0.0658951,5.25703,0.089501,0.705481,Five,0.987583,-0.0534236,-0.147735,0.0533581,0.998566,-0.00440885,0.147759,-0.00352876,0.989017
1.71201E+18,5.33163,-0.199817,-0.00239129,-0.0297813,5.21494,0.0848812,0.699833,Five,0.987578,-0.0534068,-0.147774,0.0533422,0.998567,-0.00440324,0.147797,-0.00353406,0.989011
1.71201E+18,5.28902,-0.202106,-0.00180365,-0.0257665,5.1729,0.0803603,0.694075,Five,0.987579,-0.0534129,-0.147765,0.0533499,0.998566,-0.00439281,0.147788,-0.00354499,0.989013
1.71201E+18,5.3306,-0.206462,-0.00211138,-0.023577,5.21426,0.0782268,0.69974,Five,0.987585,-0.0534104,-0.147729,0.0533492,0.998566,-0.00437922,0.147751,-0.0035564,0.989018
1.71201E+18,5.32716,-0.2107,-0.00200205,-0.00442273,5.21109,0.0737402,0.699311,Five,0.987587,-0.0533981,-0.147721,0.053336,0.998567,-0.00438469,0.147744,-0.00354859,0.989019
1.71201E+18,5.32687,-0.215107,-0.00183403,-0.00505199,5.21103,0.0693173,0.699302,Five,0.987591,-0.053398,-0.147693,0.0533349,0.998567,-0.00439033,0.147716,-0.00354136,0.989023
1.71201E+18,5.41826,-0.222193,-0.00313699,-0.0342133,5.30187,0.0671766,0.711485,Five,0.987592,-0.0534074,-0.147683,0.0533451,0.998567,-0.00438532,0.147706,-0.00354728,0.989025
1.71201E+18,5.41332,-0.226564,-0.00297866,-0.00325157,5.29721,0.0625961,0.710858,Five,0.987593,-0.0534141,-0.147671,0.053354,0.998566,-0.0043709,0.147692,-0.00356215,0.989027
1.71201E+18,5.37704,-0.229003,-0.00240373,-0.080824,5.26144,0.058236,0.705991,Five,0.987596,-0.0534146,-0.147655,0.0533565,0.998566,-0.00435765,0.147676,-0.00357475,0.989029
1.71201E+18,5.31579,-0.230136,-0.0015616,-0.111411,5.20088,0.053831,0.697819,Five,0.987595,-0.053414,-0.147662,0.0533562,0.998566,-0.00435534,0.147683,-0.00357735,0.989028
1.71201E+18,5.35779,-0.235797,-0.0016573,0.0612134,5.24266,0.0503897,0.704076,Five,0.987591,-0.0534116,-0.147686,0.0533506,0.998566,-0.00437733,0.147708,-0.0035561,0.989025
1.71201E+18,5.33712,-0.238279,-0.001816,0.0626157,5.22241,0.0467371,0.700816,Five,0.987594,-0.053397,-0.147675,0.053337,0.998567,-0.00436924,0.147696,-0.00356149,0.989026
1.71201E+18,5.41036,-0.244427,-0.00224633,-0.00438034,5.29514,0.0445945,0.711144,Five,0.987595,-0.0534117,-0.147659,0.0533534,0.998566,-0.00435878,0.14768,-0.00357339,0.989029
1.71201E+18,5.36656,-0.246534,-0.0022937,-0.143346,5.252,0.0401788,0.704693,Five,0.987593,-0.0534156,-0.14767,0.053358,0.998566,-0.00435424,0.14769,-0.00357914,0.989027
1.71201E+18,5.354,-0.248352,-0.000983006,-0.195262,5.2395,0.0376242,0.704123,Five,0.987594,-0.053404,-0.147666,0.0533463,0.998567,-0.00435376,0.147687,-0.0035777,0.989028
1.71201E+18,5.38775,-0.253794,-0.000808907,-0.170935,5.27312,0.0339655,0.709156,Five,0.987599,-0.0534001,-0.14764,0.0533417,0.998567,-0.00435763,0.147661,-0.00357176,0.989032
1.71201E+18,5.39649,-0.257863,-0.00130591,0.103334,5.28204,0.0303907,0.709939,Five,0.987599,-0.053404,-0.147634,0.0533455,0.998567,-0.00435841,0.147655,-0.00357125,0.989032
1.71201E+18,5.41716,-0.263315,-0.00158339,0.075178,5.30279,0.0260332,0.712725,Five,0.9876,-0.0534,-0.147632,0.0533423,0.998567,-0.00435278,0.147653,-0.00357624,0.989033
1.71201E+18,5.42461,-0.268173,-0.00112111,0.0598099,5.31034,0.0215749,0.7143,Five,0.9876,-0.0533979,-0.147632,0.0533418,0.998567,-0.00434224,0.147652,-0.00358656,0.989033
1.71201E+18,5.48321,-0.27368,-0.00190881,0.0608552,5.36863,0.0191399,0.722121,Five,0.987602,-0.0533872,-0.147619,0.05333,0.998567,-0.00434795,0.14764,-0.00357849,0.989035
1.71201E+18,5.48704,-0.277359,-0.00260848,0.132628,5.37271,0.0157049,0.722061,Five,0.987601,-0.053394,-0.147629,0.0533356,0.998567,-0.00435662,0.14765,-0.00357126,0.989033
1.71201E+18,5.48966,-0.281305,-0.00256031,0.152956,5.3755,0.0119739,0.722498,Five,0.9876,-0.0534097,-0.147626,0.0533484,0.998566,-0.0043777,0.147649,-0.00355221,0.989033
1.71201E+18,5.44443,-0.282124,-0.00144059,-0.300747,5.33071,0.00883027,0.716956,Five,0.987598,-0.0534283,-0.147631,0.0533652,0.998565,-0.00439154,0.147654,-0.00354128,0.989033
1.71201E+18,5.54936,-0.2906,-0.00294846,0.12608,5.435,0.00589084,0.731069,Five,0.987597,-0.0534162,-0.147646,0.0533506,0.998566,-0.0044078,0.147669,-0.00352384,0.989031
1.71201E+18,5.6062,-0.297147,-0.00452282,-0.23033,5.49171,0.00229907,0.738,Five,0.987596,-0.0533998,-0.147658,0.0533338,0.998567,-0.00440955,0.147682,-0.00352033,0.989029
1.71201E+18,5.54713,-0.297502,-0.00310094,0.185723,5.43316,-0.00124443,0.730773,Five,0.987594,-0.0533936,-0.147675,0.053328,0.998567,-0.004406,0.147698,-0.00352386,0.989026
1.71201E+18,5.61075,-0.304757,-0.00401171,0.169322,5.4965,-0.00508977,0.73934,Five,0.987592,-0.0533955,-0.147683,0.0533286,0.998567,-0.00441539,0.147707,-0.00351511,0.989025
1.71201E+18,5.53065,-0.303147,-0.00288006,-0.372194,5.41715,-0.00777119,0.728601,Five,0.987593,-0.0533921,-0.147679,0.0533263,0.998567,-0.00440831,0.147703,-0.00352155,0.989026
1.71201E+18,5.52748,-0.306772,-0.00278038,-0.390926,5.41421,-0.0116201,0.728203,Five,0.987595,-0.0533812,-0.147671,0.0533155,0.998568,-0.00440616,0.147695,-0.00352167,0.989027
1.71201E+18,5.63342,-0.317016,-0.00417768,0.247049,5.51959,-0.0160892,0.742476,Five,0.987594,-0.0534023,-0.147667,0.0533343,0.998567,-0.00442318,0.147691,-0.00350738,0.989027
1.71201E+18,5.6447,-0.321316,-0.00389591,0.278966,5.5309,-0.019789,0.744597,Five,0.98759,-0.0534019,-0.147695,0.0533331,0.998567,-0.00442875,0.14772,-0.00350324,0.989023
