t,x,y,z,odom_yaw,cx,cy,cz,label,rot1,rot2,rot3,rot4,rot5,rot6,rot7,rot8,rot9
1714313238539090825,3.59451,-0.886601,-0.486734,0.245647,3.72716,0.220083,-0.0573273,Three,0.948192,-0.295205,-0.117416,0.301068,0.952946,0.0353891,0.101444,-0.0689058,0.992452
1714313238546071378,3.59423,-0.886451,-0.48633,0.246836,3.72681,0.220098,-0.0569293,Three,0.948196,-0.295189,-0.117423,0.30105,0.952952,0.035367,0.101459,-0.0688851,0.992452
1714313238553190213,3.59444,-0.886417,-0.486753,0.243169,3.72705,0.220073,-0.0573256,Three,0.948204,-0.295163,-0.117424,0.301023,0.952961,0.0353686,0.10146,-0.0688839,0.992452
1714313238561316868,3.59395,-0.886273,-0.486347,0.233326,3.7265,0.220028,-0.0570554,Three,0.94821,-0.295151,-0.117404,0.30101,0.952965,0.0353672,0.101443,-0.0688752,0.992454
1714313238568403557,3.59481,-0.886394,-0.486785,0.249048,3.72741,0.220098,-0.0573399,Three,0.948213,-0.295135,-0.117418,0.300996,0.952969,0.0353727,0.101456,-0.0688831,0.992452
1714313238575765861,3.59404,-0.886249,-0.486404,0.234384,3.72659,0.220035,-0.0570568,Three,0.948212,-0.295139,-0.117415,0.300998,0.952969,0.0353561,0.101458,-0.0688667,0.992453
1714313238582618028,3.59436,-0.88637,-0.486671,0.241229,3.72695,0.220065,-0.0573241,Three,0.948209,-0.295155,-0.117402,0.30101,0.952967,0.0353223,0.101455,-0.0688321,0.992456
1714313238589473139,3.59426,-0.886285,-0.486364,0.237036,3.72681,0.220051,-0.0570601,Three,0.948216,-0.295136,-0.117395,0.30099,0.952973,0.0353257,0.101448,-0.068831,0.992457
1714313238596207807,3.59462,-0.886371,-0.486759,0.24471,3.72722,0.220082,-0.057337,Three,0.948212,-0.295139,-0.117414,0.300994,0.952972,0.0353194,0.101468,-0.0688312,0.992455
1714313238603302560,3.59379,-0.886121,-0.486475,0.231445,3.72633,0.220016,-0.0570528,Three,0.948215,-0.295121,-0.11744,0.300976,0.952978,0.0353107,0.101497,-0.0688289,0.992452
1714313238610606869,3.59477,-0.886325,-0.486902,0.24771,3.72737,0.220094,-0.0573392,Three,0.948215,-0.295119,-0.117446,0.300974,0.952979,0.0353027,0.101505,-0.0688228,0.992452
1714313238617432675,3.59357,-0.886127,-0.486497,0.229415,3.72613,0.220001,-0.0570496,Three,0.948209,-0.295135,-0.117452,0.300989,0.952974,0.0352922,0.101513,-0.0688162,0.992451
1714313238624770501,3.5944,-0.886332,-0.487047,0.242653,3.72703,0.220071,-0.0573253,Three,0.948202,-0.295141,-0.117498,0.300997,0.952973,0.035274,0.101561,-0.0688132,0.992447
1714313238631425139,3.59431,-0.886337,-0.48712,0.241264,3.72696,0.220065,-0.0573241,Three,0.948197,-0.295146,-0.117519,0.301002,0.952971,0.0352616,0.101585,-0.0688084,0.992444
1714313238638311587,3.5944,-0.886284,-0.487114,0.242674,3.72704,0.220072,-0.0573253,Three,0.948204,-0.295128,-0.117515,0.300984,0.952977,0.0352645,0.101581,-0.068808,0.992445
1714313238645027727,3.59356,-0.886012,-0.486636,0.22917,3.72611,0.22,-0.0570494,Three,0.948214,-0.295105,-0.117489,0.30096,0.952984,0.0352682,0.101557,-0.0688012,0.992448
1714313238651618614,3.59466,-0.886181,-0.486993,0.245065,3.72724,0.220084,-0.0573373,Three,0.948221,-0.295087,-0.117473,0.300941,0.95299,0.0352683,0.101543,-0.0687946,0.99245
1714313238658297048,3.59371,-0.88592,-0.486653,0.230333,3.72623,0.220008,-0.0570512,Three,0.948223,-0.295074,-0.11749,0.300929,0.952994,0.0352799,0.101557,-0.0688094,0.992447
1714313238665114302,3.59364,-0.88589,-0.486619,0.229535,3.72615,0.220002,-0.0570499,Three,0.948225,-0.295071,-0.117486,0.30093,0.952992,0.035309,0.101544,-0.0688357,0.992447
1714313238672034675,3.59386,-0.885916,-0.486664,0.231772,3.72637,0.220019,-0.0570534,Three,0.948226,-0.295065,-0.117491,0.300926,0.952993,0.035334,0.101542,-0.0688607,0.992445
1714313238678654054,3.59387,-0.88593,-0.486704,0.231959,3.72639,0.22002,-0.0570537,Three,0.948224,-0.295068,-0.117502,0.300932,0.95299,0.0353508,0.101548,-0.0688806,0.992443
1714313238685598872,3.59361,-0.885941,-0.486577,0.229425,3.72613,0.220001,-0.0570497,Three,0.948221,-0.295086,-0.117478,0.300949,0.952985,0.0353586,0.101521,-0.0688826,0.992446
1714313238692219132,3.59361,-0.885944,-0.486541,0.229334,3.72612,0.220001,-0.0570496,Three,0.948222,-0.295087,-0.117468,0.300948,0.952985,0.0353488,0.101514,-0.0688702,0.992447
1714313238699040197,3.59459,-0.8862,-0.486909,0.243727,3.72717,0.220078,-0.0573362,Three,0.94822,-0.295097,-0.117458,0.300958,0.952982,0.0353422,0.101506,-0.0688619,0.992449
1714313238705837463,3.59368,-0.886078,-0.486425,0.230169,3.72621,0.220007,-0.0570509,Three,0.948217,-0.295117,-0.117434,0.300977,0.952976,0.0353506,0.101479,-0.0688648,0.992451
1714313238712640737,3.59373,-0.886122,-0.486379,0.230731,3.72626,0.220011,-0.0570517,Three,0.948216,-0.295126,-0.11742,0.300986,0.952973,0.0353624,0.101462,-0.0688729,0.992453
1714313238719595478,3.59462,-0.886318,-0.486142,0.240609,3.72713,0.220075,-0.0567945,Three,0.94822,-0.295121,-0.117398,0.300979,0.952975,0.0353651,0.101441,-0.0688683,0.992455
1714313238726597742,3.5936,-0.88605,-0.486195,0.229123,3.72609,0.219999,-0.0570492,Three,0.948224,-0.295117,-0.117377,0.300975,0.952976,0.0353747,0.101418,-0.0688707,0.992457
1714313238733545687,3.59349,-0.885959,-0.486073,0.227769,3.72595,0.219989,-0.0570469,Three,0.948232,-0.295101,-0.117349,0.300956,0.952982,0.0353624,0.101396,-0.0688485,0.992461
1714313238739528363,3.5937,-0.885976,-0.486029,0.229578,3.72615,0.220003,-0.05705,Three,0.948237,-0.295094,-0.11733,0.300947,0.952985,0.0353629,0.101378,-0.0688425,0.992463
1714313238745381968,3.59376,-0.885981,-0.486017,0.230197,3.72621,0.220007,-0.057051,Three,0.948238,-0.295091,-0.117325,0.300944,0.952986,0.0353637,0.101373,-0.0688414,0.992464
1714313238751273941,3.59469,-0.886221,-0.486316,0.244117,3.72719,0.220079,-0.0573365,Three,0.948239,-0.295101,-0.117297,0.30095,0.952985,0.0353378,0.101354,-0.0688092,0.992468
1714313238757277533,3.59368,-0.88609,-0.485875,0.229564,3.72614,0.220002,-0.0570499,Three,0.948233,-0.295124,-0.117287,0.300971,0.952978,0.0353369,0.101343,-0.0688077,0.992469
1714313238763187230,3.59339,-0.88601,-0.485782,0.226802,3.72583,0.21998,-0.0570452,Three,0.948235,-0.295121,-0.117275,0.300971,0.952977,0.035368,0.101322,-0.0688336,0.992469
1714313238769061275,3.59366,-0.886088,-0.485751,0.229185,3.7261,0.219999,-0.0570493,Three,0.948236,-0.295126,-0.117256,0.300973,0.952977,0.0353567,0.101308,-0.0688176,0.992472
1714313238775398638,3.5935,-0.886022,-0.485757,0.227699,3.72594,0.219988,-0.0570468,Three,0.948238,-0.295118,-0.117263,0.300965,0.95298,0.0353492,0.101317,-0.0688116,0.992472
1714313238781384914,3.59366,-0.885986,-0.485877,0.229093,3.72609,0.219999,-0.0570492,Three,0.94824,-0.295099,-0.11729,0.300947,0.952986,0.0353414,0.101346,-0.0688102,0.992469
1714313238787538805,3.59371,-0.885981,-0.485942,0.229657,3.72615,0.220003,-0.0570501,Three,0.94824,-0.295094,-0.117305,0.300943,0.952987,0.035333,0.101363,-0.0688062,0.992467
1714313238794658143,3.59375,-0.886025,-0.485879,0.229989,3.72619,0.220005,-0.0570506,Three,0.948239,-0.295104,-0.117286,0.300951,0.952985,0.035332,0.101346,-0.0688006,0.992469
1714313238801661834,3.59367,-0.885982,-0.485838,0.229182,3.7261,0.219999,-0.0570493,Three,0.948242,-0.295097,-0.117279,0.300944,0.952987,0.0353333,0.101338,-0.0687989,0.99247
1714313238808650526,3.59365,-0.885998,-0.485885,0.229082,3.72609,0.219999,-0.0570491,Three,0.948239,-0.295103,-0.117293,0.300952,0.952984,0.0353525,0.101345,-0.068822,0.992468
1714313238815524925,3.59362,-0.886015,-0.485844,0.228768,3.72605,0.219996,-0.0570486,Three,0.948238,-0.295109,-0.117283,0.300958,0.952982,0.0353534,0.101335,-0.0688207,0.992469
1714313238823004698,3.59377,-0.886029,-0.485959,0.230323,3.72622,0.220008,-0.057051,Three,0.948237,-0.295103,-0.117307,0.300952,0.952984,0.0353377,0.101364,-0.0688124,0.992467
1714313238830624764,3.59392,-0.886014,-0.486049,0.231846,3.72637,0.220019,-0.0570534,Three,0.948238,-0.29509,-0.117327,0.300943,0.952987,0.0353539,0.101379,-0.0688326,0.992464
1714313238837777904,3.59378,-0.885971,-0.48606,0.23043,3.72623,0.220008,-0.0570512,Three,0.948238,-0.295088,-0.117336,0.300942,0.952986,0.0353693,0.101383,-0.0688498,0.992462
1714313238844629779,3.59384,-0.885943,-0.486143,0.231069,3.7263,0.220013,-0.0570522,Three,0.948239,-0.295076,-0.117356,0.300932,0.952989,0.0353715,0.101402,-0.0688568,0.99246
1714313238851380019,3.59377,-0.885914,-0.486119,0.230316,3.72622,0.220008,-0.0570511,Three,0.948241,-0.295073,-0.117352,0.300928,0.952991,0.0353673,0.101399,-0.0688512,0.99246
1714313238859383290,3.59393,-0.886025,-0.486165,0.23215,3.7264,0.220021,-0.0570538,Three,0.948235,-0.295092,-0.117355,0.300942,0.952988,0.0353221,0.101415,-0.0688109,0.992462
1714313238866376285,3.59483,-0.886225,-0.486688,0.24802,3.72737,0.220095,-0.0573393,Three,0.94823,-0.295092,-0.117389,0.300944,0.952988,0.0353063,0.101451,-0.0688058,0.992458
1714313238873023882,3.59414,-0.886137,-0.486385,0.235198,3.72666,0.22004,-0.0570578,Three,0.948224,-0.295105,-0.117404,0.300957,0.952984,0.0352956,0.101468,-0.0688016,0.992457
1714313238879438206,3.59405,-0.886156,-0.486387,0.23412,3.72658,0.220034,-0.0570565,Three,0.948221,-0.295115,-0.117406,0.300965,0.952983,0.0352747,0.101476,-0.0687832,0.992457
1714313238886492066,3.59408,-0.886214,-0.486389,0.234661,3.72662,0.220037,-0.0570572,Three,0.948217,-0.295128,-0.117405,0.300977,0.952979,0.0352715,0.101475,-0.0687812,0.992458
1714313238893294112,3.59405,-0.886297,-0.486415,0.234689,3.72662,0.220037,-0.0570571,Three,0.948209,-0.29515,-0.117411,0.300999,0.952972,0.0352628,0.101482,-0.0687772,0.992457
1714313238900136986,3.59383,-0.886215,-0.486448,0.232032,3.72638,0.220019,-0.0570536,Three,0.94821,-0.295142,-0.117428,0.300992,0.952974,0.035264,0.101498,-0.0687828,0.992455
1714313238907587753,3.59387,-0.886202,-0.486472,0.232545,3.72643,0.220023,-0.0570542,Three,0.948211,-0.295136,-0.117434,0.300988,0.952975,0.0352777,0.1015,-0.068797,0.992454
1714313238914756438,3.59364,-0.886138,-0.486287,0.254798,3.72616,0.220068,-0.0569192,Three,0.948208,-0.295149,-0.117429,0.300999,0.952972,0.035268,0.101497,-0.0687874,0.992455
1714313238922384658,3.60166,-0.888351,-0.487478,0.294648,3.73456,0.220343,-0.0570488,Three,0.948205,-0.29515,-0.117451,0.301,0.952972,0.0352508,0.101523,-0.0687777,0.992453
1714313238929183314,3.59094,-0.886115,-0.486048,0.275159,3.72357,0.219406,-0.0568792,Three,0.948196,-0.295178,-0.117449,0.301026,0.952965,0.0352321,0.101525,-0.0687621,0.992454
1714313238935709269,3.59199,-0.887022,-0.486338,0.22016,3.72486,0.218851,-0.0570303,Three,0.948197,-0.295179,-0.11744,0.301027,0.952965,0.0352335,0.101516,-0.068761,0.992455
1714313238941428113,3.60535,-0.890421,-0.488305,0.271455,3.73877,0.219497,-0.0573854,Three,0.948202,-0.295161,-0.117442,0.30101,0.95297,0.0352352,0.101518,-0.0687611,0.992455
1714313238947212012,3.59357,-0.888414,-0.486487,0.24627,3.72679,0.217966,-0.0569288,Three,0.948199,-0.295172,-0.117439,0.301022,0.952966,0.0352494,0.101511,-0.0687752,0.992454
1714313238952890680,3.59332,-0.888382,-0.486627,0.235849,3.72656,0.217905,-0.0570561,Three,0.948199,-0.295169,-0.11745,0.301019,0.952966,0.0352533,0.10152,-0.0687819,0.992453
1714313238958544869,3.58972,-0.887956,-0.486041,0.278775,3.72295,0.217247,-0.0568696,Three,0.948199,-0.295168,-0.117448,0.301016,0.952968,0.0352324,0.101525,-0.0687613,0.992454
1714313238964391530,3.5905,-0.889216,-0.48619,0.27174,3.72408,0.216241,-0.0568868,Three,0.948203,-0.29516,-0.117438,0.301007,0.952971,0.0352237,0.101519,-0.068749,0.992455
1714313238970242627,3.59287,-0.890441,-0.486653,0.240148,3.72674,0.215792,-0.0570588,Three,0.948202,-0.295166,-0.117428,0.301011,0.95297,0.0352156,0.101511,-0.0687387,0.992457
1714313238976287703,3.58697,-0.889477,-0.485472,0.292005,3.72072,0.215004,-0.0565739,Three,0.948201,-0.295173,-0.117422,0.301018,0.952968,0.0352097,0.101507,-0.068732,0.992458
1714313238981993327,3.58986,-0.891269,-0.486256,0.271517,3.72409,0.214114,-0.0568869,Three,0.948202,-0.295166,-0.117435,0.301012,0.95297,0.0352131,0.101518,-0.0687384,0.992456
1714313238987652288,3.58962,-0.891901,-0.486126,0.21666,3.72403,0.213481,-0.0567464,Three,0.948199,-0.295175,-0.117434,0.301022,0.952967,0.0352207,0.101514,-0.0687464,0.992456
1714313238993518920,3.57729,-0.889579,-0.484465,0.2535,3.71145,0.212042,-0.056692,Three,0.948204,-0.295179,-0.117385,0.301023,0.952966,0.0352276,0.101466,-0.0687386,0.992461
1714313238999266736,3.59029,-0.894164,-0.486025,0.261797,3.72532,0.21151,-0.0566442,Three,0.948206,-0.295174,-0.117374,0.301017,0.952968,0.0352209,0.101458,-0.0687283,0.992463
1714313239004937776,3.56111,-0.887979,-0.482158,0.268692,3.69537,0.208762,-0.056184,Three,0.948206,-0.295176,-0.117376,0.301017,0.952969,0.0352083,0.101463,-0.0687169,0.992463
1714313239011631332,3.57595,-0.8931,-0.484242,0.255575,3.71119,0.208316,-0.056427,Three,0.948203,-0.295187,-0.117368,0.301027,0.952965,0.0352069,0.101455,-0.0687142,0.992464
1714313239019306489,3.58958,-0.898484,-0.486245,0.253629,3.72594,0.207279,-0.0566534,Three,0.948198,-0.295202,-0.117371,0.301043,0.95296,0.0352085,0.101456,-0.0687183,0.992464
1714313239026312566,3.57434,-0.896573,-0.484437,0.260451,3.71071,0.204585,-0.0564194,Three,0.948194,-0.295202,-0.117402,0.301046,0.952959,0.0352121,0.101485,-0.0687314,0.99246
1714313239033013942,3.57458,-0.898833,-0.484749,0.245098,3.71165,0.202498,-0.0564336,Three,0.948191,-0.295202,-0.117434,0.301048,0.952958,0.0352224,0.101512,-0.0687508,0.992456
1714313239040261420,3.57404,-0.900998,-0.484801,0.234681,3.71177,0.200372,-0.0564353,Three,0.948184,-0.295229,-0.117422,0.301072,0.952951,0.0351998,0.101506,-0.0687284,0.992458
1714313239047021944,3.55945,-0.899243,-0.482807,0.23236,3.69719,0.197734,-0.0562112,Three,0.948187,-0.295234,-0.117381,0.301075,0.95295,0.035202,0.101465,-0.0687187,0.992463
1714313239054078702,3.57256,-0.90502,-0.484713,0.230844,3.71154,0.196115,-0.0564315,Three,0.948188,-0.295237,-0.117367,0.301078,0.95295,0.0352046,0.101451,-0.068717,0.992464
1714313239061253817,3.55781,-0.903769,-0.482703,0.240951,3.69695,0.192979,-0.0559389,Three,0.948182,-0.295247,-0.117388,0.301087,0.952947,0.0351917,0.101474,-0.0687122,0.992462
1714313239068394818,3.54212,-0.90273,-0.481114,0.260762,3.68158,0.189304,-0.055971,Three,0.94818,-0.295246,-0.117402,0.301087,0.952947,0.0351859,0.10149,-0.0687109,0.992461
1714313239075700767,3.5412,-0.905275,-0.480937,0.213056,3.68143,0.186616,-0.0557014,Three,0.948179,-0.295249,-0.117406,0.30109,0.952946,0.035188,0.101492,-0.0687143,0.99246
1714313239089855465,3.53929,-0.911201,-0.481415,0.223358,3.68144,0.180316,-0.0559678,Three,0.948185,-0.295232,-0.117402,0.301069,0.952955,0.0351452,0.101502,-0.0686701,0.992462
1714313239097138762,3.53848,-0.913614,-0.481428,0.270873,3.68139,0.177716,-0.0558429,Three,0.948188,-0.295216,-0.117416,0.301055,0.952958,0.0351592,0.101513,-0.0686862,0.99246
1714313239104771622,3.53734,-0.91727,-0.481206,0.22646,3.68136,0.174008,-0.055433,Three,0.948177,-0.295245,-0.117433,0.301087,0.952947,0.0351808,0.101521,-0.0687152,0.992457
1714313239112380975,3.53616,-0.919679,-0.481313,0.268567,3.68095,0.171385,-0.0555689,Three,0.948176,-0.295255,-0.117414,0.301098,0.952944,0.0351959,0.101497,-0.068725,0.992459
1714313239119497552,3.54299,-0.924766,-0.48203,0.238938,3.68901,0.168541,-0.0553064,Three,0.94818,-0.295249,-0.117396,0.301093,0.952944,0.0352205,0.101473,-0.0687426,0.99246
1714313239126818093,3.53362,-0.925502,-0.481674,0.26816,3.68031,0.165049,-0.0558172,Three,0.948178,-0.295253,-0.117406,0.301098,0.952943,0.0352201,0.101482,-0.0687457,0.992459
1714313239133659239,3.53289,-0.928636,-0.481604,0.272689,3.68053,0.161909,-0.0555623,Three,0.948171,-0.295269,-0.117419,0.301114,0.952938,0.0352149,0.101495,-0.0687462,0.992458
1714313239140759306,3.54336,-0.934554,-0.482582,0.220251,3.69232,0.159482,-0.0550777,Three,0.948164,-0.295293,-0.117416,0.301138,0.95293,0.0352131,0.101491,-0.0687461,0.992458
1714313239147827109,3.52982,-0.933891,-0.480917,0.246869,3.67909,0.156042,-0.0548626,Three,0.948169,-0.29528,-0.11741,0.301124,0.952935,0.035209,0.101488,-0.068739,0.992459
1714313239154991957,3.54041,-0.940175,-0.482675,0.214765,3.6912,0.153101,-0.0550604,Three,0.948174,-0.295259,-0.117421,0.301106,0.952939,0.0352361,0.101491,-0.0687662,0.992457
1714313239162037892,3.52209,-0.937754,-0.480237,0.293514,3.67283,0.149958,-0.054659,Three,0.948176,-0.295253,-0.117423,0.301102,0.952941,0.0352447,0.101491,-0.0687745,0.992456
1714313239169108353,3.54524,-0.947301,-0.483514,0.234595,3.69798,0.147733,-0.0549033,Three,0.948174,-0.295257,-0.117424,0.301105,0.95294,0.0352354,0.101494,-0.0687661,0.992457
1714313239176387260,3.5326,-0.946937,-0.481931,0.216388,3.6857,0.14437,-0.054725,Three,0.948173,-0.29527,-0.117402,0.301118,0.952935,0.0352538,0.101467,-0.0687786,0.992459
1714313239183572949,3.54182,-0.952422,-0.482867,0.228427,3.69617,0.141928,-0.0543504,Three,0.94817,-0.295281,-0.117401,0.301131,0.95293,0.0352727,0.101459,-0.0687975,0.992458
1714313239190577836,3.55034,-0.957577,-0.484595,0.29582,3.70597,0.139512,-0.0548827,Three,0.948171,-0.29528,-0.117391,0.301129,0.952931,0.0352686,0.101451,-0.0687904,0.992459
1714313239197652754,3.54918,-0.959885,-0.484524,0.225482,3.70554,0.136983,-0.054736,Three,0.948169,-0.295284,-0.1174,0.301132,0.95293,0.0352608,0.101462,-0.0687861,0.992459
1714313239204467745,3.54068,-0.960079,-0.483289,0.200669,3.6974,0.134291,-0.054341,Three,0.948168,-0.295286,-0.117406,0.301136,0.952928,0.0352767,0.101462,-0.0688033,0.992457
1714313239211475128,3.55003,-0.965103,-0.484508,0.208068,3.70789,0.132299,-0.054279,Three,0.948167,-0.295292,-0.1174,0.301143,0.952926,0.0352888,0.101453,-0.0688139,0.992458
1714313239219125758,3.55185,-0.968151,-0.485141,0.199982,3.71058,0.129963,-0.0545567,Three,0.948164,-0.295304,-0.117389,0.301154,0.952922,0.0352843,0.101443,-0.0688075,0.992459
1714313239225371316,3.5566,-0.971103,-0.485462,0.204852,3.716,0.128583,-0.0541488,Three,0.948162,-0.295307,-0.1174,0.301158,0.952921,0.0352836,0.101454,-0.0688105,0.992458
1714313239232262010,3.55696,-0.97303,-0.485558,0.204158,3.71692,0.126876,-0.0541011,Three,0.948161,-0.295313,-0.117393,0.301163,0.95292,0.0352785,0.101448,-0.0688041,0.992459
1714313239238898109,3.56187,-0.9762,-0.486266,0.212764,3.72259,0.125357,-0.0541778,Three,0.94816,-0.295327,-0.117369,0.301175,0.952916,0.0352704,0.101427,-0.0687906,0.992462
1714313239245887836,3.56838,-0.979514,-0.487241,0.218885,3.72986,0.124139,-0.0543156,Three,0.94816,-0.295332,-0.117354,0.301177,0.952916,0.0352635,0.101414,-0.0687797,0.992464
1714313239253198572,3.56769,-0.98041,-0.486852,0.21643,3.72942,0.122993,-0.0540454,Three,0.948171,-0.295309,-0.117324,0.301152,0.952924,0.035261,0.101388,-0.0687658,0.992467
1714313239260357085,3.57548,-0.98398,-0.487934,0.226591,3.73799,0.121941,-0.0541717,Three,0.94817,-0.295321,-0.117301,0.301164,0.95292,0.0352708,0.101362,-0.0687696,0.99247
1714313239266725119,3.56856,-0.982981,-0.486997,0.213746,3.73102,0.120988,-0.0540751,Three,0.94816,-0.295359,-0.117286,0.3012,0.952909,0.0352615,0.101348,-0.06876,0.992472
1714313239273372419,3.58011,-0.987068,-0.488653,0.209956,3.74336,0.120552,-0.0542538,Three,0.948156,-0.295369,-0.117289,0.301207,0.952907,0.0352372,0.101358,-0.0687387,0.992472
1714313239279236172,3.57519,-0.98629,-0.488321,0.200753,3.73843,0.119821,-0.0544124,Three,0.948155,-0.295367,-0.117306,0.301207,0.952907,0.0352415,0.101373,-0.0687479,0.99247
1714313239285003232,3.57035,-0.985242,-0.487455,0.221479,3.73343,0.119373,-0.0541021,Three,0.948156,-0.295362,-0.11731,0.301204,0.952908,0.0352552,0.101372,-0.0687616,0.992469
1714313239290630837,3.56654,-0.9845,-0.486926,0.200275,3.72954,0.118978,-0.0540492,Three,0.948155,-0.295369,-0.117301,0.301211,0.952906,0.035251,0.101365,-0.0687557,0.992471
1714313239296251462,3.57011,-0.985588,-0.487395,0.202984,3.7333,0.118935,-0.0540921,Three,0.94816,-0.295353,-0.117296,0.301192,0.952912,0.0352382,0.101365,-0.0687402,0.992472
1714313239302083112,3.57311,-0.986477,-0.48807,0.21709,3.73649,0.118895,-0.0544166,Three,0.948167,-0.295334,-0.117289,0.301172,0.952919,0.035229,0.101363,-0.0687273,0.992473
1714313239308254289,3.57557,-0.987366,-0.488184,0.205462,3.73909,0.118836,-0.0541905,Three,0.948162,-0.295347,-0.117298,0.301184,0.952916,0.0352139,0.101374,-0.0687166,0.992472
1714313239314976603,3.58055,-0.988785,-0.489062,0.321589,3.74434,0.118981,-0.0543967,Three,0.948158,-0.295353,-0.117314,0.30119,0.952914,0.0352076,0.101391,-0.0687162,0.992471
1714313239321680633,3.58188,-0.98929,-0.489104,0.199452,3.74576,0.118784,-0.054273,Three,0.948168,-0.295324,-0.117312,0.301163,0.952922,0.0352232,0.101387,-0.0687275,0.99247
1714313239328456955,3.58008,-0.988831,-0.488845,0.197408,3.74389,0.118638,-0.0542396,Three,0.948172,-0.295311,-0.117309,0.301151,0.952925,0.0352326,0.101383,-0.0687344,0.99247
1714313239335398881,3.58074,-0.989138,-0.488918,0.199319,3.74462,0.118612,-0.0542465,Three,0.948167,-0.295329,-0.117304,0.301169,0.952919,0.0352401,0.101374,-0.068742,0.992471
1714313239341921783,3.58012,-0.988981,-0.488832,0.196689,3.74397,0.11859,-0.0542205,Three,0.948165,-0.295332,-0.117308,0.301173,0.952918,0.0352436,0.101377,-0.0687469,0.99247
1714313239349270192,3.57973,-0.98886,-0.488791,0.19467,3.74355,0.118563,-0.0542298,Three,0.948167,-0.295326,-0.117308,0.301168,0.952919,0.0352553,0.101373,-0.0687574,0.99247
1714313239355865198,3.58065,-0.989117,-0.488772,0.198853,3.7445,0.118607,-0.0542649,Three,0.948171,-0.295332,-0.117264,0.301171,0.952918,0.0352582,0.101331,-0.0687474,0.992475
1714313239361440987,3.57882,-0.988679,-0.488445,0.197322,3.74259,0.118572,-0.0542381,Three,0.948166,-0.295356,-0.117243,0.301192,0.952912,0.035246,0.101312,-0.0687318,0.992478
1714313239367095792,3.57968,-0.988965,-0.488559,0.194272,3.74351,0.118608,-0.0542362,Three,0.948162,-0.295369,-0.117246,0.301205,0.952908,0.0352416,0.101315,-0.0687298,0.992477
1714313239373326621,3.57947,-0.988945,-0.488575,0.197793,3.7433,0.118584,-0.0542483,Three,0.948159,-0.295374,-0.117253,0.301212,0.952906,0.0352509,0.101319,-0.0687415,0.992476
1714313239379979755,3.58023,-0.989171,-0.488676,0.201073,3.74411,0.118615,-0.0542401,Three,0.948157,-0.295378,-0.117258,0.301218,0.952903,0.0352599,0.101321,-0.0687521,0.992475
1714313239387011104,3.57949,-0.988927,-0.488568,0.196526,3.74332,0.118579,-0.0542282,Three,0.948161,-0.295366,-0.117257,0.301206,0.952907,0.0352629,0.101319,-0.0687534,0.992475
1714313239393791356,3.58032,-0.989126,-0.488953,0.203275,3.74421,0.118599,-0.0544947,Three,0.948163,-0.295359,-0.117261,0.301199,0.952909,0.0352644,0.101324,-0.0687552,0.992475
1714313239400489609,3.578,-0.988525,-0.488416,0.195158,3.74176,0.118541,-0.0542058,Three,0.948158,-0.295372,-0.117271,0.301213,0.952904,0.0352709,0.10133,-0.0687658,0.992473
1714313239407305328,3.58072,-0.989353,-0.488963,0.204133,3.74466,0.118618,-0.0545019,Three,0.948155,-0.29539,-0.117249,0.30123,0.952898,0.0352836,0.101304,-0.0687732,0.992476
1714313239414235838,3.57945,-0.988985,-0.488587,0.196876,3.7433,0.118586,-0.0542649,Three,0.948155,-0.295386,-0.117253,0.301226,0.9529,0.0352741,0.101311,-0.068765,0.992475
1714313239421534264,3.57944,-0.988996,-0.488471,0.197674,3.74327,0.118584,-0.0542278,Three,0.948157,-0.29539,-0.117233,0.30123,0.952898,0.0352878,0.101288,-0.0687725,0.992477
1714313239428706144,3.57951,-0.989079,-0.488456,0.195345,3.74336,0.118563,-0.0542317,Three,0.948155,-0.2954,-0.117225,0.30124,0.952895,0.0352946,0.101278,-0.0687778,0.992478
1714313239436414969,3.58048,-0.989373,-0.488863,0.20111,3.74442,0.11859,-0.0544959,Three,0.948152,-0.295406,-0.117231,0.301246,0.952893,0.0352879,0.101284,-0.0687737,0.992478
1714313239443485469,3.58098,-0.989415,-0.488998,0.199124,3.74492,0.118586,-0.054502,Three,0.948159,-0.295377,-0.11725,0.30122,0.952901,0.0352996,0.101301,-0.0687876,0.992475
1714313239451285592,3.57943,-0.989002,-0.488608,0.197398,3.74329,0.118574,-0.0542271,Three,0.948153,-0.295388,-0.11727,0.301232,0.952897,0.0352982,0.101319,-0.0687934,0.992473
1714313239458972778,3.57907,-0.988953,-0.488498,0.192342,3.74291,0.118537,-0.0542585,Three,0.948154,-0.295395,-0.117243,0.301237,0.952896,0.0352915,0.101296,-0.0687798,0.992476
1714313239466357987,3.58234,-0.989799,-0.489086,0.207407,3.74633,0.118658,-0.0545257,Three,0.948159,-0.295387,-0.117224,0.301229,0.952898,0.0353078,0.101273,-0.0687886,0.992478
1714313239473073458,3.58107,-0.989498,-0.488858,0.199504,3.74501,0.118589,-0.0545034,Three,0.948159,-0.295393,-0.11721,0.301233,0.952896,0.0353087,0.101259,-0.0687857,0.992479
1714313239479857509,3.57958,-0.989084,-0.488638,0.205333,3.74345,0.118599,-0.0544842,Three,0.948155,-0.295407,-0.117204,0.301246,0.952893,0.0352856,0.10126,-0.0687635,0.992481
1714313239486415095,3.58205,-0.989777,-0.488678,0.206458,3.746,0.118658,-0.0543037,Three,0.948159,-0.295403,-0.117184,0.30124,0.952895,0.0352838,0.101241,-0.0687549,0.992483
1714313239493216734,3.57959,-0.989105,-0.488185,0.19823,3.74341,0.118589,-0.0542297,Three,0.948161,-0.295409,-0.117152,0.301244,0.952894,0.0352879,0.101209,-0.0687499,0.992487
1714313239499810143,3.5808,-0.989419,-0.488628,0.208419,3.7447,0.118641,-0.0545038,Three,0.94816,-0.295409,-0.117158,0.301244,0.952894,0.0352866,0.101215,-0.0687505,0.992486
1714313239506785038,3.57847,-0.988748,-0.488057,0.19722,3.74223,0.118568,-0.0542135,Three,0.948163,-0.295401,-0.117159,0.301236,0.952896,0.0352896,0.101215,-0.0687527,0.992486
1714313239513577872,3.57925,-0.988932,-0.488145,0.196725,3.74303,0.118576,-0.0542242,Three,0.948167,-0.295389,-0.117155,0.301225,0.9529,0.0352966,0.10121,-0.068757,0.992486
1714313239520261467,3.57979,-0.98894,-0.488267,0.198108,3.74356,0.118631,-0.0542345,Three,0.948173,-0.295364,-0.117168,0.3012,0.952908,0.0352922,0.101226,-0.0687541,0.992485
1714313239527212946,3.57519,-0.987798,-0.487706,0.183074,3.7388,0.118418,-0.054207,Three,0.948167,-0.29538,-0.117172,0.301214,0.952904,0.0352703,0.101236,-0.068736,0.992485
1714313239534374433,3.5779,-0.98845,-0.488012,0.199157,3.7416,0.118578,-0.054207,Three,0.94817,-0.295373,-0.117167,0.301205,0.952908,0.0352492,0.101238,-0.0687135,0.992486
1714313239541252604,3.58028,-0.989145,-0.488655,0.202452,3.74413,0.118643,-0.0544782,Three,0.948165,-0.295381,-0.117188,0.301212,0.952906,0.0352294,0.101263,-0.0687017,0.992485
1714313239546878495,3.57907,-0.988732,-0.488352,0.194906,3.74284,0.118593,-0.0542439,Three,0.94817,-0.295356,-0.11721,0.30119,0.952912,0.0352476,0.10128,-0.0687231,0.992481
1714313239552497197,3.58093,-0.989209,-0.488578,0.199297,3.74477,0.118652,-0.0542681,Three,0.948174,-0.295346,-0.117203,0.301179,0.952916,0.0352391,0.101277,-0.068712,0.992483
1714313239558090109,3.58093,-0.989284,-0.488826,0.204802,3.74481,0.118624,-0.0545043,Three,0.94817,-0.29536,-0.117205,0.301191,0.952913,0.035225,0.101282,-0.0687003,0.992483
1714313239563873775,3.58007,-0.989121,-0.488474,0.200279,3.74391,0.118608,-0.0542373,Three,0.948163,-0.295378,-0.11721,0.301211,0.952906,0.0352329,0.101283,-0.0687114,0.992482
1714313239569523279,3.57875,-0.988705,-0.488433,0.199437,3.74253,0.118574,-0.0542381,Three,0.948163,-0.295368,-0.117242,0.301204,0.952908,0.0352432,0.101311,-0.0687301,0.992478
1714313239575026329,3.58138,-0.989369,-0.489043,0.202091,3.7453,0.118656,-0.0545159,Three,0.948167,-0.295353,-0.117246,0.301192,0.952911,0.0352708,0.101308,-0.0687563,0.992476
1714313239582158811,3.5802,-0.98915,-0.488659,0.195764,3.74407,0.118583,-0.0542555,Three,0.948161,-0.295369,-0.117252,0.301212,0.952904,0.0353025,0.101302,-0.06879,0.992475
1714313239587910053,3.57976,-0.989035,-0.488726,0.199117,3.74363,0.118596,-0.0542499,Three,0.948155,-0.295376,-0.117285,0.301221,0.952901,0.0352965,0.101335,-0.0687952,0.992471
1714313239594341175,3.58018,-0.989217,-0.488952,0.197351,3.7441,0.118593,-0.0542558,Three,0.948146,-0.295386,-0.117328,0.301232,0.952898,0.035279,0.101381,-0.0687927,0.992466
1714313239600248670,3.5792,-0.989067,-0.488862,0.197106,3.74311,0.118577,-0.0542422,Three,0.948134,-0.29542,-0.117338,0.301265,0.952888,0.0352603,0.101393,-0.0687813,0.992466
1714313239605997359,3.58041,-0.989408,-0.489035,0.198517,3.74439,0.118603,-0.05426,Three,0.948135,-0.295417,-0.11734,0.301261,0.95289,0.0352543,0.101397,-0.0687757,0.992466
1714313239611692330,3.5801,-0.989237,-0.489037,0.199896,3.74404,0.118614,-0.0542565,Three,0.948138,-0.295402,-0.117352,0.301247,0.952894,0.0352526,0.10141,-0.0687763,0.992464
1714313239617334679,3.57949,-0.98906,-0.489009,0.199242,3.74341,0.118586,-0.0542337,Three,0.948138,-0.295396,-0.11737,0.301242,0.952896,0.0352509,0.101428,-0.0687795,0.992462
1714313239623034114,3.57953,-0.989009,-0.489037,0.198613,3.74343,0.1186,-0.0542315,Three,0.948141,-0.295385,-0.117377,0.30123,0.9529,0.0352429,0.101439,-0.0687728,0.992462
1714313239629971637,3.58089,-0.989339,-0.489213,0.201285,3.74485,0.118671,-0.0542725,Three,0.948143,-0.29538,-0.11737,0.301224,0.952902,0.0352364,0.101434,-0.0687637,0.992463
1714313239636580955,3.58037,-0.989275,-0.489381,0.203888,3.74435,0.118611,-0.054517,Three,0.94814,-0.295391,-0.117364,0.301235,0.952899,0.0352344,0.101428,-0.0687615,0.992464
1714313239643428209,3.57857,-0.988791,-0.488906,0.198118,3.74245,0.118574,-0.0542368,Three,0.948137,-0.295397,-0.117371,0.30124,0.952898,0.0352139,0.10144,-0.0687443,0.992464
1714313239650459826,3.58153,-0.98966,-0.489553,0.207173,3.74559,0.118654,-0.0545357,Three,0.948135,-0.295407,-0.117366,0.301248,0.952896,0.0351989,0.10144,-0.0687295,0.992465
1714313239657237567,3.58031,-0.989201,-0.489109,0.199574,3.74424,0.118648,-0.0542437,Three,0.948142,-0.295384,-0.117367,0.301226,0.952903,0.0352082,0.10144,-0.0687365,0.992464
1714313239664063363,3.58117,-0.989389,-0.489503,0.205476,3.74516,0.118673,-0.0544949,Three,0.948144,-0.295373,-0.117378,0.301217,0.952905,0.035225,0.101446,-0.0687547,0.992462
1714313239671107467,3.58018,-0.989172,-0.489039,0.200394,3.7441,0.118649,-0.0542594,Three,0.948143,-0.295388,-0.11735,0.301231,0.9529,0.0352328,0.101415,-0.0687551,0.992465
1714313239677903920,3.58079,-0.989386,-0.489085,0.197304,3.74475,0.118683,-0.0542363,Three,0.948139,-0.295402,-0.117348,0.301246,0.952895,0.0352387,0.101411,-0.0687618,0.992465
1714313239684783756,3.58001,-0.989201,-0.48895,0.195978,3.74393,0.118622,-0.0542589,Three,0.948141,-0.295402,-0.117331,0.301244,0.952896,0.0352328,0.101396,-0.0687509,0.992468
1714313239691598026,3.57951,-0.988986,-0.488952,0.196205,3.7434,0.118616,-0.0542512,Three,0.948144,-0.295386,-0.11735,0.301227,0.952902,0.0352206,0.101419,-0.0687431,0.992466
1714313239698457625,3.57958,-0.989041,-0.489273,0.207854,3.74352,0.118629,-0.0545071,Three,0.948138,-0.295399,-0.117364,0.30124,0.952898,0.0352127,0.101434,-0.0687412,0.992464
1714313239705509715,3.57805,-0.988742,-0.4888,0.198655,3.74192,0.11857,-0.0542301,Three,0.94813,-0.295424,-0.117361,0.301266,0.95289,0.0352127,0.101429,-0.068743,0.992465
1714313239712207687,3.57993,-0.989188,-0.488996,0.201325,3.74386,0.118657,-0.0542579,Three,0.948135,-0.295414,-0.117346,0.301256,0.952893,0.0352255,0.101412,-0.0687496,0.992466
1714313239718057487,3.57933,-0.989126,-0.489132,0.200402,3.74328,0.118618,-0.0544844,Three,0.948129,-0.295436,-0.11734,0.301278,0.952885,0.0352313,0.101403,-0.0687559,0.992467
1714313239723622382,3.58181,-0.989855,-0.489132,0.199276,3.74585,0.118707,-0.0542685,Three,0.948128,-0.295447,-0.117318,0.301289,0.952881,0.0352448,0.101377,-0.0687632,0.992469
1714313239729357939,3.58376,-0.990382,-0.489627,0.208049,3.74791,0.1188,-0.0545756,Three,0.948128,-0.295454,-0.117305,0.301296,0.952879,0.0352443,0.101365,-0.0687597,0.99247
1714313239735039236,3.58271,-0.990085,-0.489479,0.209492,3.74681,0.118754,-0.0545375,Three,0.948129,-0.29545,-0.11731,0.30129,0.952881,0.0352345,0.101372,-0.0687511,0.99247
1714313239741281901,3.58106,-0.989625,-0.489045,0.196107,3.74506,0.118677,-0.0542768,Three,0.94813,-0.295441,-0.117317,0.301284,0.952883,0.0352508,0.101375,-0.0687682,0.992469
1714313239747101927,3.58054,-0.989465,-0.489035,0.201342,3.74452,0.118667,-0.0542685,Three,0.948129,-0.295438,-0.117334,0.301282,0.952883,0.0352566,0.101389,-0.0687784,0.992466
1714313239752834736,3.58065,-0.989424,-0.489047,0.20364,3.74462,0.118714,-0.0542537,Three,0.948131,-0.295431,-0.117339,0.301276,0.952885,0.0352573,0.101394,-0.0687798,0.992466
1714313239758590135,3.58027,-0.98929,-0.488985,0.19843,3.74421,0.11872,-0.0542491,Three,0.948132,-0.295429,-0.117336,0.301273,0.952886,0.0352577,0.101392,-0.0687791,0.992466
1714313239764173805,3.58247,-0.989752,-0.489544,0.21936,3.7465,0.118893,-0.0545251,Three,0.948133,-0.295421,-0.117342,0.301267,0.952888,0.0352646,0.101396,-0.0687869,0.992465
1714313239769674369,3.57643,-0.987757,-0.488609,0.323174,3.74007,0.119004,-0.0543473,Three,0.948134,-0.295421,-0.117343,0.301268,0.952886,0.0352847,0.101391,-0.0688063,0.992464
1714313239775405609,3.57384,-0.986952,-0.488155,0.217277,3.73733,0.118986,-0.054177,Three,0.948134,-0.295415,-0.117353,0.301265,0.952887,0.0353013,0.101396,-0.0688247,0.992463
1714313239781252681,3.57349,-0.986672,-0.48803,0.211275,3.7369,0.119125,-0.0541482,Three,0.948138,-0.295408,-0.117342,0.301257,0.952889,0.0352959,0.101387,-0.0688154,0.992464
1714313239787604555,3.57259,-0.986087,-0.487807,0.219573,3.73585,0.119399,-0.0541199,Three,0.948141,-0.295404,-0.117325,0.301252,0.952891,0.0352973,0.101371,-0.0688112,0.992466
1714313239794830316,3.57784,-0.987167,-0.488575,0.211962,3.74123,0.119896,-0.0542219,Three,0.948141,-0.295397,-0.11734,0.301249,0.952891,0.0353329,0.101375,-0.0688493,0.992463
1714313239802255023,3.58584,-0.988896,-0.489854,0.216873,3.74948,0.120614,-0.0545915,Three,0.948142,-0.295397,-0.117333,0.301251,0.952889,0.0353561,0.101361,-0.0688694,0.992463
1714313239809237326,3.58099,-0.986869,-0.48923,0.317278,3.74421,0.121144,-0.0546551,Three,0.94814,-0.295408,-0.117319,0.30126,0.952887,0.035339,0.101353,-0.06885,0.992465
1714313239816279209,3.56909,-0.983046,-0.487097,0.211866,3.73154,0.121294,-0.0541034,Three,0.948142,-0.295414,-0.117293,0.301262,0.952887,0.0353201,0.101333,-0.0688244,0.992469
1714313239822958161,3.57464,-0.983944,-0.487987,0.195178,3.73717,0.121953,-0.0543948,Three,0.948153,-0.295383,-0.117284,0.30123,0.952897,0.0353255,0.101325,-0.0688234,0.99247
1714313239829608111,3.5815,-0.985037,-0.489188,0.206323,3.74415,0.122875,-0.0547871,Three,0.948157,-0.295366,-0.117291,0.301215,0.952901,0.0353352,0.10133,-0.0688332,0.992469
1714313239836342316,3.56666,-0.980146,-0.487111,0.192393,3.72839,0.123105,-0.0545126,Three,0.948158,-0.295357,-0.117306,0.301208,0.952903,0.0353483,0.10134,-0.0688492,0.992467
1714313239843710705,3.58208,-0.983626,-0.488981,0.220881,3.74426,0.124408,-0.0545226,Three,0.948153,-0.295367,-0.117318,0.301219,0.952899,0.0353508,0.10135,-0.0688563,0.992465
1714313239850496971,3.58007,-0.98238,-0.488702,0.200258,3.74195,0.125029,-0.0544864,Three,0.94815,-0.295373,-0.117331,0.301227,0.952897,0.0353557,0.101361,-0.0688658,0.992463
1714313239857263038,3.5772,-0.9809,-0.488289,0.214395,3.73874,0.125624,-0.0544491,Three,0.948147,-0.295381,-0.117336,0.301232,0.952896,0.0353239,0.101375,-0.0688375,0.992464
1714313239862959828,3.57824,-0.980495,-0.488162,0.214177,3.7396,0.1263,-0.0542231,Three,0.948149,-0.295373,-0.117341,0.301223,0.9529,0.0353097,0.101384,-0.0688246,0.992464
1714313239869186856,3.57922,-0.980126,-0.488628,0.196175,3.74047,0.126903,-0.0544721,Three,0.948147,-0.295364,-0.117378,0.301218,0.952901,0.0353205,0.101417,-0.0688454,0.992459
1714313239875900716,3.57269,-0.97756,-0.487822,0.215347,3.73343,0.127409,-0.0543957,Three,0.948144,-0.295362,-0.117409,0.301219,0.9529,0.0353367,0.101442,-0.0688701,0.992455
1714313239882726950,3.57339,-0.977171,-0.487588,0.209101,3.73396,0.127986,-0.0541123,Three,0.948144,-0.295359,-0.117411,0.301218,0.9529,0.0353561,0.101439,-0.0688891,0.992454
1714313239889739366,3.5827,-0.979105,-0.488869,0.214202,3.7435,0.128847,-0.0542924,Three,0.948148,-0.295345,-0.117415,0.301207,0.952902,0.0353811,0.101436,-0.0689129,0.992452
1714313239896646182,3.57913,-0.977601,-0.488586,0.190773,3.73965,0.129155,-0.05445,Three,0.948152,-0.295329,-0.117422,0.301193,0.952906,0.0353923,0.10144,-0.068924,0.992451
1714313239903433154,3.57226,-0.975218,-0.487511,0.209188,3.7323,0.12942,-0.0543402,Three,0.948153,-0.295338,-0.117397,0.301199,0.952905,0.0353827,0.101418,-0.068908,0.992455
1714313239910235505,3.56754,-0.973601,-0.486662,0.20179,3.72724,0.129505,-0.054263,Three,0.948163,-0.295325,-0.11735,0.301183,0.952909,0.0353917,0.101372,-0.0689009,0.99246
1714313239917250123,3.56861,-0.973588,-0.486504,0.204475,3.72824,0.129814,-0.0540239,Three,0.948166,-0.295317,-0.117343,0.301176,0.952911,0.0353978,0.101364,-0.0689039,0.99246
1714313239924421981,3.57446,-0.975091,-0.487648,0.214876,3.73437,0.130189,-0.0543806,Three,0.948157,-0.295337,-0.117366,0.301198,0.952904,0.0354061,0.101382,-0.0689209,0.992457
1714313239931446916,3.57606,-0.975449,-0.487542,0.206372,3.73598,0.130328,-0.0541317,Three,0.948158,-0.295337,-0.117355,0.301199,0.952903,0.0354229,0.101366,-0.0689337,0.992458
1714313239938208998,3.57762,-0.975695,-0.487684,0.209127,3.73754,0.130401,-0.0541551,Three,0.948173,-0.295298,-0.117337,0.301157,0.952917,0.0354042,0.101358,-0.0689062,0.992461
1714313239944811440,3.57509,-0.974973,-0.487373,0.206341,3.7349,0.130341,-0.0541386,Three,0.948172,-0.295298,-0.11734,0.301154,0.952919,0.0353782,0.101369,-0.0688822,0.992461
1714313239951629010,3.57722,-0.975613,-0.487875,0.218613,3.73716,0.130376,-0.0544278,Three,0.948172,-0.295304,-0.117326,0.301157,0.952919,0.0353602,0.10136,-0.0688612,0.992464
1714313239958746251,3.57277,-0.974544,-0.487402,0.197857,3.73257,0.130149,-0.0545869,Three,0.948169,-0.295325,-0.117299,0.301176,0.952913,0.0353447,0.101338,-0.0688403,0.992467
1714313239965377930,3.57091,-0.974186,-0.487162,0.197724,3.73067,0.130047,-0.054589,Three,0.948161,-0.295354,-0.117293,0.301204,0.952905,0.0353428,0.10133,-0.0688396,0.992468
1714313239972532063,3.57055,-0.974242,-0.48708,0.203864,3.73032,0.13001,-0.0546136,Three,0.948153,-0.295387,-0.117275,0.301235,0.952895,0.0353362,0.101312,-0.0688313,0.992471
1714313239979207494,3.56815,-0.97375,-0.486762,0.196859,3.72787,0.129805,-0.0545391,Three,0.948149,-0.295396,-0.117284,0.301245,0.952892,0.0353388,0.10132,-0.0688377,0.992469
1714313239986167420,3.56415,-0.972705,-0.485972,0.191331,3.72367,0.129594,-0.0542395,Three,0.948151,-0.295388,-0.117283,0.301238,0.952893,0.0353503,0.101316,-0.0688475,0.992469
1714313239993378876,3.56898,-0.974001,-0.486964,0.204247,3.72876,0.129671,-0.0545269,Three,0.948157,-0.295358,-0.117313,0.30121,0.952902,0.0353505,0.101347,-0.0688537,0.992466
1714313240000487163,3.56707,-0.973593,-0.486668,0.195821,3.72679,0.129501,-0.0544699,Three,0.948157,-0.29536,-0.117309,0.301213,0.952901,0.0353532,0.101342,-0.0688554,0.992466
1714313240007511167,3.56571,-0.973387,-0.486516,0.18924,3.72542,0.129407,-0.0545239,Three,0.948149,-0.29539,-0.117296,0.30124,0.952893,0.0353414,0.101331,-0.0688432,0.992468
1714313240014267066,3.56794,-0.973949,-0.486877,0.196892,3.72774,0.129488,-0.0545775,Three,0.948151,-0.295379,-0.117306,0.301229,0.952897,0.0353358,0.101343,-0.0688396,0.992467
1714313240021537506,3.56726,-0.973713,-0.486822,0.190997,3.72702,0.129472,-0.0545494,Three,0.948153,-0.295367,-0.11732,0.301216,0.952902,0.0353105,0.101365,-0.0688185,0.992466
1714313240028269913,3.56811,-0.973816,-0.48692,0.19582,3.72787,0.129596,-0.0545663,Three,0.948156,-0.29536,-0.117316,0.301207,0.952905,0.0353014,0.101365,-0.0688078,0.992467
1714313240035046363,3.56899,-0.97394,-0.486996,0.201195,3.72876,0.129677,-0.0545809,Three,0.948162,-0.295344,-0.117306,0.301191,0.95291,0.0353083,0.101354,-0.0688095,0.992468
1714313240042051462,3.57158,-0.974555,-0.487063,0.220253,3.7314,0.129863,-0.054371,Three,0.948163,-0.295343,-0.117298,0.30119,0.95291,0.035311,0.101346,-0.0688097,0.992469
1714313240049179752,3.56715,-0.973331,-0.486718,0.194909,3.7268,0.129739,-0.0545231,Three,0.94816,-0.29535,-0.117309,0.301198,0.952908,0.0353111,0.101355,-0.0688137,0.992468
1714313240055869428,3.57292,-0.974883,-0.487207,0.221129,3.73278,0.130021,-0.0543369,Three,0.948157,-0.295362,-0.117304,0.301209,0.952904,0.0353157,0.101349,-0.0688179,0.992468
