t,x,y,z,odom_yaw,cx,cy,cz,label,rot1,rot2,rot3,rot4,rot5,rot6,rot7,rot8,rot9
1714313189558534294,4.00309,-1.75573,-0.547212,0.891426,4.37926,-0.478185,-0.0138156,Three,0.947511,-0.297146,-0.118012,0.303011,0.952347,0.0349124,0.102015,-0.068839,0.992398
1714313189564172513,3.99138,-1.75178,-0.546137,0.889141,4.36686,-0.477951,-0.0143098,Three,0.947514,-0.297145,-0.11799,0.303009,0.952348,0.0349227,0.10199,-0.0688416,0.992401
1714313189569828443,3.92363,-1.72344,-0.536923,0.913564,4.29316,-0.471108,-0.0140855,Three,0.947512,-0.297158,-0.117976,0.303022,0.952343,0.034927,0.101975,-0.0688431,0.992402
1714313189577443598,3.95723,-1.74019,-0.542467,0.87859,4.33065,-0.476973,-0.0150022,Three,0.947505,-0.29718,-0.117977,0.303045,0.952336,0.0349338,0.101972,-0.0688523,0.992402
1714313189584173416,3.99185,-1.75717,-0.547803,0.844918,4.36912,-0.482888,-0.0155095,Three,0.947506,-0.297169,-0.117997,0.303035,0.952339,0.034931,0.101993,-0.0688545,0.992399
1714313189590920196,3.95472,-1.74224,-0.542627,0.855422,4.32888,-0.479848,-0.015104,Three,0.947511,-0.297145,-0.118016,0.303012,0.952347,0.0349278,0.102014,-0.0688548,0.992397
1714313189597753499,3.98897,-1.759,-0.54775,0.822822,4.3669,-0.485689,-0.0155323,Three,0.947517,-0.297126,-0.118018,0.302993,0.952353,0.0349254,0.102017,-0.068851,0.992397
1714313189604615856,3.99472,-1.76336,-0.548667,0.804066,4.37376,-0.488096,-0.0155116,Three,0.947513,-0.297134,-0.118027,0.303003,0.952349,0.0349363,0.102022,-0.068865,0.992396
1714313189611423087,3.98669,-1.7619,-0.547857,0.791756,4.36564,-0.489031,-0.0155115,Three,0.947505,-0.297149,-0.118052,0.303021,0.952343,0.0349491,0.102041,-0.0688867,0.992392
1714313189618103781,3.95368,-1.74911,-0.543157,0.79175,4.32999,-0.486777,-0.0151467,Three,0.947513,-0.297131,-0.118037,0.303004,0.952347,0.034976,0.10202,-0.068906,0.992393
1714313189624645905,3.95168,-1.75004,-0.543078,0.779164,4.32834,-0.488426,-0.0151991,Three,0.947524,-0.297095,-0.118037,0.302969,0.952358,0.0349875,0.102019,-0.0689132,0.992393
1714313189631538671,3.9449,-1.74896,-0.542377,0.762239,4.32151,-0.489474,-0.0151715,Three,0.947525,-0.297083,-0.118059,0.302959,0.952361,0.0349887,0.102041,-0.0689198,0.99239
1714313189638050622,3.90902,-1.73484,-0.537884,0.780819,4.28279,-0.486702,-0.0153544,Three,0.947522,-0.297093,-0.118058,0.302968,0.952358,0.0349885,0.102039,-0.0689202,0.99239
1714313189644749632,3.91077,-1.73733,-0.53811,0.761622,4.28522,-0.488484,-0.0152699,Three,0.947519,-0.297107,-0.118049,0.302983,0.952354,0.0349893,0.102029,-0.0689197,0.992391
1714313189651527398,3.93495,-1.75008,-0.541432,0.730905,4.31232,-0.493323,-0.0151546,Three,0.94751,-0.297127,-0.118065,0.303003,0.952347,0.0349812,0.102045,-0.0689191,0.99239
1714313189658213911,3.95543,-1.76097,-0.543928,0.684574,4.33526,-0.497583,-0.0146188,Three,0.947507,-0.297124,-0.118104,0.303003,0.952347,0.0349863,0.102081,-0.0689356,0.992385
1714313189664705334,3.93336,-1.75255,-0.541175,0.691633,4.31151,-0.496249,-0.0145025,Three,0.947508,-0.297098,-0.118153,0.302981,0.952354,0.0349915,0.102128,-0.068953,0.992379
1714313189671697585,3.86935,-1.72506,-0.533157,0.730534,4.24175,-0.489226,-0.0148601,Three,0.947509,-0.297087,-0.11818,0.302972,0.952357,0.0349956,0.102153,-0.0689639,0.992375
1714313189678601373,3.89121,-1.73616,-0.536556,0.682357,4.26615,-0.493317,-0.0151939,Three,0.94751,-0.29708,-0.118189,0.302966,0.952358,0.0350033,0.102159,-0.0689731,0.992374
1714313189685478709,3.90052,-1.74135,-0.537972,0.663795,4.27669,-0.495449,-0.0152881,Three,0.947506,-0.297091,-0.11819,0.302976,0.952355,0.0349944,0.102163,-0.0689663,0.992374
1714313189692172920,3.90763,-1.7455,-0.53932,0.626864,4.28482,-0.497275,-0.0155859,Three,0.947504,-0.297095,-0.118195,0.302982,0.952353,0.0350097,0.102162,-0.0689828,0.992373
1714313189698975670,3.8581,-1.72393,-0.533103,0.671766,4.23076,-0.4914,-0.01594,Three,0.947495,-0.297122,-0.118198,0.303012,0.952342,0.0350344,0.102156,-0.0690105,0.992372
1714313189706532238,3.84678,-1.7196,-0.531665,0.654139,4.21858,-0.490665,-0.0158839,Three,0.947495,-0.297118,-0.118217,0.303011,0.952342,0.0350481,0.102169,-0.0690288,0.992369
1714313189712616076,3.84742,-1.72021,-0.531898,0.629814,4.21939,-0.491125,-0.0159784,Three,0.947498,-0.297103,-0.118222,0.302998,0.952346,0.0350603,0.102171,-0.0690405,0.992368
1714313189718169444,3.86197,-1.72697,-0.53393,0.598982,4.23543,-0.493195,-0.0160459,Three,0.947496,-0.29711,-0.118222,0.303003,0.952345,0.0350457,0.102176,-0.0690274,0.992369
1714313189723882052,3.88123,-1.73574,-0.536873,0.552622,4.25662,-0.495854,-0.0164296,Three,0.9475,-0.297103,-0.118213,0.302996,0.952347,0.0350527,0.102166,-0.0690304,0.992369
1714313189729629574,3.84742,-1.72057,-0.532528,0.58875,4.21956,-0.491555,-0.01659,Three,0.947504,-0.297088,-0.118218,0.302983,0.952351,0.0350658,0.102167,-0.069043,0.992368
1714313189736520560,3.81975,-1.70825,-0.529392,0.595118,4.18932,-0.488064,-0.0170429,Three,0.947498,-0.297094,-0.118245,0.30299,0.952348,0.0350619,0.102194,-0.0690482,0.992365
1714313189743966285,3.81776,-1.70761,-0.529268,0.557689,4.18724,-0.487918,-0.0170654,Three,0.947486,-0.297122,-0.118271,0.30302,0.952339,0.035052,0.10222,-0.0690499,0.992362
1714313189751127951,3.80369,-1.70097,-0.527453,0.548889,4.17171,-0.485891,-0.0170058,Three,0.947489,-0.297099,-0.118307,0.302999,0.952346,0.0350593,0.102253,-0.0690652,0.992358
1714313189756764344,3.80133,-1.69981,-0.527052,0.530013,4.16909,-0.485412,-0.0169988,Three,0.947486,-0.297116,-0.118289,0.303016,0.95234,0.0350711,0.102231,-0.0690729,0.99236
1714313189762478648,3.79779,-1.69802,-0.526377,0.514709,4.16512,-0.484788,-0.0169911,Three,0.947492,-0.297113,-0.118247,0.303011,0.952342,0.0350704,0.102192,-0.069059,0.992365
1714313189768313484,3.77816,-1.6889,-0.523804,0.537381,4.1435,-0.481996,-0.0172041,Three,0.947498,-0.297107,-0.118217,0.303002,0.952345,0.0350619,0.102166,-0.069041,0.992369
1714313189776244243,3.74738,-1.67461,-0.51981,0.55828,4.10962,-0.477549,-0.0173455,Three,0.947495,-0.297112,-0.118224,0.303007,0.952343,0.03506,0.102173,-0.0690417,0.992368
1714313189783407150,3.76283,-1.68151,-0.522323,0.526474,4.12661,-0.47955,-0.0177075,Three,0.947495,-0.297105,-0.118243,0.303,0.952346,0.0350467,0.102196,-0.0690343,0.992366
1714313189789771771,3.74065,-1.671,-0.519824,0.515398,4.10219,-0.476077,-0.0181284,Three,0.947485,-0.297126,-0.118268,0.303021,0.95234,0.0350305,0.102223,-0.0690285,0.992364
1714313189795390411,3.74222,-1.67163,-0.519676,0.49738,4.10385,-0.476097,-0.0178951,Three,0.947481,-0.29715,-0.11824,0.303043,0.952333,0.0350298,0.102195,-0.0690219,0.992367
1714313189801163804,3.72081,-1.66172,-0.516751,0.478974,4.08029,-0.472904,-0.017794,Three,0.947469,-0.297183,-0.11826,0.303076,0.952323,0.0350141,0.102216,-0.0690165,0.992365
1714313189806798073,3.7205,-1.66155,-0.516741,0.483586,4.07995,-0.472843,-0.0177914,Three,0.947469,-0.297179,-0.11827,0.303072,0.952325,0.0350011,0.10223,-0.0690067,0.992364
1714313189812382002,3.72349,-1.66298,-0.517119,0.464522,4.08326,-0.473272,-0.0178221,Three,0.947467,-0.29719,-0.118253,0.303084,0.95232,0.035023,0.102206,-0.0690237,0.992366
1714313189817956163,3.70811,-1.65591,-0.515523,0.478412,4.0664,-0.471039,-0.0183084,Three,0.94746,-0.297215,-0.118252,0.303108,0.952313,0.0350194,0.102204,-0.0690225,0.992366
1714313189823540893,3.7028,-1.65333,-0.515059,0.432697,4.06056,-0.470156,-0.0185409,Three,0.947458,-0.297219,-0.118258,0.303113,0.952311,0.0350258,0.102208,-0.0690309,0.992365
1714313189829284290,3.69059,-1.64781,-0.513446,0.463976,4.04716,-0.468539,-0.0185144,Three,0.947456,-0.29722,-0.118269,0.303116,0.952309,0.0350408,0.102214,-0.069049,0.992363
1714313189836394101,3.67238,-1.63932,-0.512006,0.445001,4.02722,-0.465862,-0.0195212,Three,0.947451,-0.297235,-0.118272,0.303133,0.952304,0.0350497,0.102212,-0.0690599,0.992363
1714313189843421690,3.66151,-1.63437,-0.510089,0.437503,4.01523,-0.464323,-0.0192071,Three,0.94745,-0.297249,-0.11824,0.303144,0.9523,0.0350401,0.102184,-0.0690423,0.992367
1714313189850617915,3.66083,-1.63409,-0.509872,0.418885,4.01447,-0.464294,-0.0192061,Three,0.947457,-0.297241,-0.11821,0.303132,0.952305,0.0350221,0.102162,-0.0690152,0.992371
1714313189858435400,3.64025,-1.6252,-0.50763,0.392109,3.99205,-0.462107,-0.0196597,Three,0.947465,-0.297212,-0.118218,0.303104,0.952313,0.0350314,0.102169,-0.0690233,0.99237
1714313189865354291,3.63989,-1.6249,-0.507645,0.416623,3.99161,-0.462064,-0.0194948,Three,0.947469,-0.297177,-0.118275,0.303074,0.952322,0.0350433,0.102222,-0.0690484,0.992362
1714313189871940155,3.62505,-1.61774,-0.505808,0.424914,3.97518,-0.459846,-0.0195873,Three,0.947479,-0.297136,-0.118296,0.303036,0.952334,0.0350614,0.102239,-0.0690678,0.992359
1714313189878587359,3.62565,-1.61731,-0.505822,0.423156,3.97561,-0.459323,-0.019586,Three,0.947485,-0.29712,-0.118289,0.303021,0.952338,0.0350797,0.102229,-0.0690816,0.992359
1714313189885747122,3.60261,-1.60669,-0.502953,0.418306,3.95031,-0.455963,-0.0200022,Three,0.94748,-0.297154,-0.118244,0.303054,0.952327,0.0350961,0.102178,-0.0690873,0.992364
1714313189892750113,3.62431,-1.61576,-0.505808,0.46419,3.97391,-0.457968,-0.0202568,Three,0.947475,-0.297194,-0.11818,0.303089,0.952316,0.0350862,0.102118,-0.0690624,0.992372
1714313189899889185,3.6102,-1.6093,-0.503723,0.434328,3.95839,-0.455905,-0.020343,Three,0.947473,-0.297227,-0.118118,0.303114,0.95231,0.0350502,0.102067,-0.0690121,0.992381
1714313189905637973,3.61126,-1.60923,-0.503843,0.443803,3.9594,-0.455469,-0.0204732,Three,0.947472,-0.297241,-0.118088,0.303127,0.952305,0.0350633,0.102033,-0.0690171,0.992384
1714313189911424820,3.58186,-1.59549,-0.500304,0.419415,3.92704,-0.45121,-0.0208723,Three,0.947473,-0.297233,-0.118095,0.303121,0.952307,0.0350727,0.102038,-0.0690277,0.992383
1714313189917140620,3.59686,-1.60176,-0.502164,0.425053,3.94332,-0.45279,-0.0206711,Three,0.947478,-0.297209,-0.118115,0.303099,0.952313,0.0350819,0.102056,-0.0690399,0.99238
1714313189922989055,3.58217,-1.5947,-0.500368,0.401478,3.92707,-0.450648,-0.0207403,Three,0.94749,-0.297159,-0.118145,0.303053,0.952327,0.035105,0.102081,-0.069066,0.992376
1714313189929442244,3.59738,-1.60035,-0.502789,0.409934,3.94342,-0.451674,-0.021115,Three,0.947501,-0.297118,-0.118166,0.303013,0.95234,0.0351048,0.102104,-0.0690677,0.992373
1714313189936464876,3.58061,-1.5925,-0.500483,0.458014,3.92493,-0.449236,-0.0211377,Three,0.947505,-0.297109,-0.118157,0.302999,0.952346,0.0350579,0.10211,-0.0690189,0.992376
1714313189943151345,3.59729,-1.59904,-0.502495,0.395003,3.94291,-0.450504,-0.0211121,Three,0.947509,-0.297106,-0.118126,0.302992,0.952349,0.0350397,0.102086,-0.0689915,0.99238
1714313189949698865,3.57916,-1.59068,-0.499613,0.467378,3.92292,-0.447871,-0.0208428,Three,0.947509,-0.297124,-0.118084,0.303007,0.952344,0.0350423,0.102045,-0.0689833,0.992385
1714313189957533819,3.58175,-1.59069,-0.500407,0.442868,3.92547,-0.447066,-0.021418,Three,0.947506,-0.297139,-0.118069,0.303024,0.952338,0.0350675,0.102021,-0.0690043,0.992386
1714313189964720569,3.56754,-1.58425,-0.498552,0.393451,3.90989,-0.445056,-0.0214902,Three,0.947498,-0.297169,-0.118061,0.303056,0.952326,0.0350946,0.102004,-0.0690312,0.992386
1714313189971613385,3.58194,-1.58978,-0.501012,0.39556,3.92547,-0.445989,-0.0221394,Three,0.947496,-0.297183,-0.118045,0.30307,0.952321,0.0351109,0.101983,-0.0690435,0.992387
1714313189979429884,3.58173,-1.58957,-0.501115,0.440727,3.92521,-0.445916,-0.022263,Three,0.9475,-0.297168,-0.118048,0.303057,0.952325,0.0351149,0.101985,-0.0690466,0.992387
1714313189986843710,3.58123,-1.58853,-0.501043,0.447475,3.9244,-0.445254,-0.0222586,Three,0.947512,-0.297124,-0.11806,0.303014,0.952338,0.0351261,0.101996,-0.0690562,0.992385
1714313189994541194,3.59158,-1.59277,-0.502501,0.475416,3.93564,-0.446216,-0.0223211,Three,0.947512,-0.297121,-0.118067,0.303014,0.952338,0.0351447,0.101997,-0.0690759,0.992384
1714313190001757825,3.57718,-1.58624,-0.500639,0.370092,3.91985,-0.444224,-0.0223847,Three,0.947507,-0.297138,-0.118068,0.303032,0.952332,0.0351569,0.101993,-0.0690897,0.992383
1714313190009012277,3.61098,-1.60072,-0.505247,0.386904,3.95673,-0.447857,-0.0225982,Three,0.947503,-0.297158,-0.118045,0.303051,0.952325,0.0351641,0.101968,-0.0690918,0.992385
1714313190016104446,3.60136,-1.59622,-0.504065,0.386989,3.94613,-0.446485,-0.0228287,Three,0.947509,-0.29715,-0.118017,0.303041,0.952328,0.0351635,0.101942,-0.0690818,0.992389
1714313190022909250,3.60707,-1.59807,-0.504942,0.427281,3.95218,-0.44664,-0.0229913,Three,0.947516,-0.297128,-0.118018,0.303018,0.952337,0.0351482,0.101949,-0.0690649,0.992389
1714313190029913683,3.60897,-1.59852,-0.50537,0.379406,3.95417,-0.44647,-0.0231625,Three,0.947512,-0.297138,-0.118027,0.303026,0.952334,0.0351338,0.101961,-0.0690549,0.992389
1714313190036489712,3.6159,-1.60095,-0.506287,0.356291,3.96156,-0.44676,-0.0231852,Three,0.947515,-0.297127,-0.118029,0.303016,0.952337,0.035138,0.101963,-0.0690585,0.992388
1714313190043408568,3.63189,-1.60741,-0.508591,0.360615,3.9789,-0.448213,-0.0233052,Three,0.947518,-0.297109,-0.118049,0.303002,0.952341,0.0351566,0.101978,-0.0690807,0.992385
1714313190050172454,3.64337,-1.61226,-0.510544,0.378946,3.99144,-0.44944,-0.0236654,Three,0.947518,-0.297105,-0.118064,0.303001,0.95234,0.0351863,0.101983,-0.0691131,0.992382
1714313190057342303,3.64427,-1.61189,-0.510376,0.500755,3.99216,-0.448855,-0.0234546,Three,0.947522,-0.297094,-0.118058,0.30299,0.952344,0.0351871,0.101978,-0.0691109,0.992383
1714313190064390062,3.65779,-1.61709,-0.511562,0.31544,4.00665,-0.449789,-0.0229126,Three,0.947525,-0.297085,-0.118054,0.302979,0.952348,0.035177,0.101978,-0.0690991,0.992384
1714313190071204456,3.66007,-1.61743,-0.512046,0.339008,4.00896,-0.449485,-0.0231738,Three,0.947529,-0.297075,-0.118046,0.302968,0.952352,0.0351646,0.101975,-0.0690837,0.992385
1714313190078050709,3.67739,-1.62405,-0.514471,0.334018,4.02764,-0.450585,-0.0233092,Three,0.947524,-0.297085,-0.11806,0.302977,0.95235,0.0351475,0.101992,-0.0690726,0.992384
1714313190085590401,3.69269,-1.63022,-0.516766,0.330867,4.04423,-0.4519,-0.0236547,Three,0.947526,-0.297085,-0.118048,0.302976,0.95235,0.0351375,0.101984,-0.0690594,0.992386
1714313190092433277,3.69691,-1.63118,-0.517206,0.280654,4.04857,-0.451537,-0.0236624,Three,0.947526,-0.297091,-0.11803,0.302981,0.952348,0.0351455,0.101965,-0.0690623,0.992388
1714313190099386969,3.71262,-1.63739,-0.519589,0.289851,4.06559,-0.452726,-0.0238027,Three,0.947518,-0.297098,-0.118079,0.30299,0.952346,0.0351316,0.102015,-0.0690647,0.992383
1714313190106165794,3.70782,-1.63429,-0.518978,0.264616,4.06005,-0.451293,-0.0237616,Three,0.94752,-0.297076,-0.118115,0.302968,0.952354,0.035107,0.102058,-0.0690498,0.992379
1714313190112815001,3.74868,-1.6512,-0.524501,0.31161,4.10443,-0.455265,-0.0237863,Three,0.947521,-0.297061,-0.118144,0.302955,0.952358,0.0351021,0.102088,-0.0690524,0.992376
1714313190119867493,3.74866,-1.65048,-0.524986,0.252992,4.10425,-0.454663,-0.0243654,Three,0.947527,-0.297048,-0.118132,0.302941,0.952362,0.0351088,0.102075,-0.0690536,0.992377
1714313190126531599,3.77094,-1.65936,-0.528165,0.255955,4.12837,-0.456501,-0.0247846,Three,0.947532,-0.297047,-0.118094,0.302938,0.952363,0.035119,0.102037,-0.0690517,0.992381
1714313190133348017,3.78191,-1.66326,-0.52975,0.243112,4.14011,-0.456958,-0.0250687,Three,0.947535,-0.297046,-0.118071,0.302936,0.952364,0.0351158,0.102015,-0.0690413,0.992384
1714313190140375163,3.82086,-1.67922,-0.534803,0.278621,4.18235,-0.460534,-0.0250654,Three,0.947536,-0.297048,-0.118057,0.302936,0.952364,0.0351153,0.102002,-0.0690368,0.992386
1714313190147371578,3.78992,-1.66487,-0.53063,0.199801,4.14828,-0.456044,-0.0251222,Three,0.947534,-0.29706,-0.118044,0.302949,0.952359,0.0351254,0.101986,-0.0690439,0.992387
1714313190153720400,3.79483,-1.6662,-0.530479,0.16328,4.15333,-0.455675,-0.024388,Three,0.947524,-0.297092,-0.118042,0.302981,0.952349,0.0351305,0.10198,-0.0690516,0.992387
1714313190159327946,3.79175,-1.66422,-0.529914,0.14316,4.14976,-0.454637,-0.02431,Three,0.94752,-0.297109,-0.118035,0.302998,0.952344,0.0351326,0.101972,-0.0690532,0.992388
1714313190165080935,3.80426,-1.66834,-0.531608,0.685999,4.16305,-0.45472,-0.0244317,Three,0.947513,-0.297133,-0.118034,0.303023,0.952335,0.0351432,0.101966,-0.0690658,0.992387
1714313190170705251,3.80075,-1.66591,-0.531182,0.70453,4.15895,-0.453482,-0.0244567,Three,0.947512,-0.297125,-0.118054,0.303016,0.952338,0.0351324,0.101989,-0.0690606,0.992385
1714313190176309528,3.80503,-1.66676,-0.531604,0.720383,4.16331,-0.452989,-0.0244943,Three,0.947514,-0.297131,-0.118025,0.303021,0.952335,0.0351484,0.101956,-0.0690677,0.992388
1714313190182129364,3.79062,-1.65963,-0.529492,0.747496,4.14729,-0.450459,-0.0243634,Three,0.947511,-0.297141,-0.118025,0.30303,0.952333,0.03514,0.101958,-0.0690607,0.992389
1714313190187751926,3.80041,-1.66309,-0.53094,0.763009,4.15777,-0.450816,-0.0244403,Three,0.947507,-0.297142,-0.118056,0.303032,0.952333,0.0351273,0.101991,-0.0690581,0.992385
1714313190193252370,3.84278,-1.68165,-0.536339,0.0660926,4.20407,-0.455798,-0.0242715,Three,0.947505,-0.297154,-0.118038,0.303044,0.952329,0.0351323,0.101971,-0.0690586,0.992387
1714313190198907467,3.8128,-1.66759,-0.531899,0.0201257,4.17096,-0.451348,-0.0239148,Three,0.947507,-0.297151,-0.118033,0.303039,0.95233,0.0351264,0.101969,-0.0690512,0.992388
1714313190205435637,3.83796,-1.67753,-0.535528,0.0205919,4.19818,-0.45335,-0.0242269,Three,0.947508,-0.297144,-0.118042,0.303033,0.952333,0.0351252,0.101978,-0.069052,0.992387
1714313190211085741,3.86123,-1.68673,-0.538579,0.0153505,4.22332,-0.455202,-0.0242637,Three,0.947511,-0.297138,-0.118035,0.303029,0.952333,0.0351505,0.101964,-0.0690734,0.992387
1714313190216662516,3.81804,-1.66702,-0.532688,-0.0269116,4.17583,-0.449384,-0.0242319,Three,0.947518,-0.297121,-0.118022,0.303012,0.952338,0.0351593,0.10195,-0.0690761,0.992388
1714313190222272045,3.84079,-1.67599,-0.535748,-0.0317197,4.20042,-0.451165,-0.0242894,Three,0.947519,-0.297115,-0.118031,0.303006,0.95234,0.0351585,0.10196,-0.0690776,0.992387
1714313190227819661,3.84904,-1.67873,-0.536867,-0.0451965,4.20918,-0.451332,-0.0243248,Three,0.947519,-0.297109,-0.118044,0.303,0.952343,0.0351372,0.101979,-0.0690604,0.992386
1714313190233268195,3.83706,-1.6724,-0.535063,-0.0693623,4.19572,-0.449022,-0.0242746,Three,0.947532,-0.297077,-0.118022,0.302968,0.952352,0.0351581,0.101954,-0.0690702,0.992388
1714313190238812569,3.84791,-1.67615,-0.536478,-0.0792285,4.20727,-0.449383,-0.0243745,Three,0.947535,-0.297072,-0.118006,0.302963,0.952353,0.0351726,0.101934,-0.0690786,0.99239
1714313190244290579,3.84144,-1.67238,-0.535486,-0.0978787,4.19991,-0.447739,-0.024327,Three,0.947537,-0.297068,-0.118001,0.30296,0.952354,0.0351841,0.101926,-0.0690877,0.99239
1714313190250029271,3.84712,-1.67384,-0.536431,-0.109573,4.20585,-0.447336,-0.0243759,Three,0.947525,-0.297088,-0.11805,0.302983,0.952346,0.0351887,0.10197,-0.0691093,0.992384
1714313190255501404,3.85946,-1.67816,-0.538051,-0.120397,4.21901,-0.447749,-0.0244269,Three,0.947523,-0.297092,-0.11805,0.302987,0.952345,0.0351864,0.101971,-0.0691076,0.992384
1714313190261082514,3.8521,-1.67399,-0.536885,-0.140222,4.21067,-0.445944,-0.0243778,Three,0.947523,-0.297099,-0.118035,0.302992,0.952344,0.0351767,0.101959,-0.0690944,0.992386
1714313190267793994,3.83519,-1.66526,-0.534365,-0.168322,4.19175,-0.442654,-0.0242421,Three,0.947523,-0.297102,-0.118026,0.302995,0.952343,0.0351769,0.10195,-0.0690922,0.992387
1714313190274709388,3.8622,-1.6755,-0.537869,-0.175282,4.2208,-0.444377,-0.0242976,Three,0.947526,-0.297096,-0.118015,0.30299,0.952344,0.0351941,0.101935,-0.0691047,0.992388
1714313190281431690,3.90288,-1.6917,-0.543134,-0.177021,4.26478,-0.447594,-0.0241709,Three,0.94752,-0.29711,-0.118034,0.303007,0.952338,0.0352084,0.101947,-0.0691256,0.992385
1714313190288518353,3.89115,-1.68493,-0.541042,-0.204227,4.25141,-0.444666,-0.0236375,Three,0.94752,-0.2971,-0.118059,0.303,0.952339,0.0352306,0.101966,-0.0691538,0.992381
1714313190295333143,3.91304,-1.6926,-0.543894,-0.218676,4.27476,-0.445553,-0.0236261,Three,0.947526,-0.297073,-0.118076,0.302975,0.952347,0.035237,0.101982,-0.0691622,0.992379
1714313190301956506,3.90777,-1.68862,-0.543073,-0.235753,4.26847,-0.443465,-0.0235879,Three,0.947535,-0.297043,-0.118084,0.302946,0.952356,0.0352373,0.101991,-0.0691617,0.992378
1714313190315546193,4.05184,-1.33855,-0.538924,1.04247,4.3005,-0.0663876,-0.0290703,Three,0.947544,-0.297021,-0.118064,0.302924,0.952363,0.0352472,0.101971,-0.0691627,0.99238
1714313190328910679,3.97988,-1.31296,-0.53046,1.02187,4.22371,-0.0634988,-0.029737,Three,0.947542,-0.297023,-0.118074,0.302926,0.952362,0.0352445,0.101981,-0.0691634,0.992379
1714313190336377174,4.02459,-1.32686,-0.537264,0.988638,4.27102,-0.0634049,-0.0308672,Three,0.947537,-0.297029,-0.118098,0.302931,0.952362,0.0352208,0.10201,-0.0691485,0.992377
1714313190341358640,3.94368,-1.29962,-0.527224,0.996224,4.18507,-0.0615677,-0.0309806,Three,0.947532,-0.297038,-0.118113,0.30294,0.952359,0.0352027,0.102029,-0.0691369,0.992376
1714313190350392055,3.97164,-1.30817,-0.531319,0.964083,4.21459,-0.061309,-0.0316223,Three,0.947527,-0.297056,-0.118109,0.302957,0.952354,0.0352013,0.102025,-0.0691361,0.992377
1714313190358379748,3.95929,-1.30331,-0.530158,0.941799,4.2013,-0.0603454,-0.0320923,Three,0.947525,-0.297064,-0.118103,0.302965,0.952351,0.0352065,0.102017,-0.0691402,0.992377
1714313190365030962,3.93935,-1.2961,-0.528408,0.932279,4.18007,-0.0595068,-0.0328693,Three,0.947529,-0.297052,-0.118107,0.302953,0.952355,0.0351976,0.102024,-0.0691316,0.992377
1714313190371950826,3.95876,-1.30187,-0.531347,0.903464,4.20052,-0.0592468,-0.0334604,Three,0.947531,-0.29705,-0.118094,0.302948,0.952357,0.0351857,0.102016,-0.0691159,0.992379
1714313190379480186,3.95023,-1.29867,-0.530189,0.886393,4.19135,-0.0586207,-0.0336023,Three,0.947527,-0.297081,-0.118048,0.302975,0.952349,0.0351769,0.101973,-0.0690967,0.992385
1714313190386165851,3.96768,-1.3038,-0.533257,0.856278,4.20977,-0.0582799,-0.0345571,Three,0.947525,-0.297092,-0.118038,0.302984,0.952347,0.0351662,0.101966,-0.0690845,0.992386
1714313190392680565,3.92686,-1.29001,-0.528007,0.852677,4.16637,-0.0573292,-0.0344934,Three,0.947526,-0.297092,-0.118031,0.302983,0.952347,0.0351564,0.101962,-0.069073,0.992387
1714313190399667032,3.96044,-1.30044,-0.532863,0.814794,4.20186,-0.0573694,-0.035068,Three,0.947531,-0.297065,-0.118054,0.302957,0.952355,0.0351557,0.101986,-0.0690763,0.992385
1714313190406271402,3.92822,-1.28959,-0.528838,0.810021,4.16764,-0.0566469,-0.0350412,Three,0.947529,-0.297066,-0.11807,0.302958,0.952356,0.0351389,0.102006,-0.0690654,0.992383
1714313190412947969,3.83041,-1.25701,-0.516423,0.83375,4.06382,-0.0548029,-0.0349111,Three,0.947527,-0.297068,-0.11808,0.302958,0.952357,0.0351172,0.102022,-0.0690476,0.992383
1714313190419543163,3.8323,-1.2574,-0.516818,0.815875,4.06577,-0.0546978,-0.0350768,Three,0.947534,-0.297047,-0.11808,0.302937,0.952363,0.0351138,0.102025,-0.0690425,0.992383
1714313190426386752,3.89689,-1.27819,-0.526123,0.75849,4.13424,-0.0552622,-0.0363621,Three,0.947535,-0.29705,-0.118062,0.302938,0.952363,0.0351089,0.102009,-0.0690325,0.992385
1714313190433380337,3.88092,-1.27252,-0.524358,0.745276,4.11721,-0.0546905,-0.0367156,Three,0.947541,-0.297038,-0.118042,0.302925,0.952368,0.0351068,0.101991,-0.0690228,0.992388
1714313190440212062,3.90102,-1.27898,-0.527195,0.71407,4.13851,-0.0548576,-0.0370652,Three,0.947543,-0.297036,-0.118034,0.302922,0.952368,0.0351076,0.101984,-0.0690211,0.992389
1714313190446715248,3.33844,-1.09522,-0.4477,-0.314254,3.54148,-0.0474303,-0.0282283,Three,0.947538,-0.297051,-0.118036,0.302939,0.952363,0.0351243,0.101979,-0.0690392,0.992388
1714313190454364974,3.88448,-1.27347,-0.526081,0.664575,4.12108,-0.0544452,-0.0379036,Three,0.94753,-0.297066,-0.118065,0.302956,0.952357,0.0351217,0.102006,-0.0690473,0.992385
1714313190461092624,3.88613,-1.27406,-0.5269,0.643064,4.12292,-0.0544345,-0.0384807,Three,0.947521,-0.29709,-0.118072,0.30298,0.95235,0.0351197,0.102012,-0.0690502,0.992384
1714313190467876101,3.82546,-1.254,-0.519028,0.665138,4.05854,-0.0533703,-0.0384236,Three,0.947521,-0.297109,-0.118028,0.302997,0.952344,0.0351256,0.101967,-0.0690444,0.992389
1714313190474404234,3.8196,-1.25198,-0.518292,0.643836,4.0523,-0.0532248,-0.0385019,Three,0.947525,-0.297104,-0.11801,0.302992,0.952345,0.0351431,0.101945,-0.0690551,0.99239
1714313190480102818,3.81351,-1.25027,-0.517489,0.621336,4.04592,-0.0533601,-0.0385027,Three,0.947522,-0.297117,-0.117996,0.303005,0.952341,0.0351448,0.101931,-0.0690539,0.992392
1714313190486433086,3.83865,-1.25864,-0.521717,0.575255,4.07273,-0.0538288,-0.0396099,Three,0.947521,-0.297125,-0.117984,0.303013,0.952338,0.0351589,0.101914,-0.0690644,0.992393
1714313190492057845,3.836,-1.25775,-0.521925,0.557952,4.06998,-0.0537311,-0.0401389,Three,0.947516,-0.29714,-0.117987,0.303028,0.952333,0.0351541,0.101917,-0.0690623,0.992393
1714313190497659286,3.8252,-1.25423,-0.520572,0.547843,4.05854,-0.0537008,-0.0400488,Three,0.947521,-0.297116,-0.118008,0.303005,0.952341,0.0351482,0.101941,-0.0690607,0.99239
1714313190503209813,3.83734,-1.25857,-0.522739,0.496625,4.07159,-0.0540798,-0.0406659,Three,0.947511,-0.297149,-0.118009,0.303037,0.952331,0.0351304,0.101944,-0.0690474,0.992391
1714313190508937160,3.80217,-1.24737,-0.517765,0.507877,4.03435,-0.0538951,-0.0401167,Three,0.947511,-0.297151,-0.118001,0.30304,0.952329,0.0351522,0.101931,-0.0690661,0.992391
1714313190514490761,3.82584,-1.25534,-0.521154,0.446009,4.05955,-0.0544526,-0.0405844,Three,0.947514,-0.297148,-0.117984,0.303039,0.952329,0.0351797,0.101906,-0.069087,0.992392
1714313190520108965,3.77216,-1.23782,-0.51427,0.51028,4.00267,-0.0537628,-0.0405629,Three,0.947515,-0.297158,-0.117952,0.303047,0.952326,0.0351884,0.101872,-0.0690866,0.992396
1714313190525610282,3.74662,-1.22978,-0.511263,0.50604,3.97572,-0.053756,-0.0408879,Three,0.94752,-0.297157,-0.117914,0.303044,0.952326,0.0351942,0.101835,-0.0690804,0.9924
1714313190536961734,3.74871,-1.23094,-0.511873,0.440642,3.97812,-0.0543179,-0.0411707,Three,0.947524,-0.29714,-0.117921,0.303026,0.952333,0.0351736,0.101849,-0.069061,0.9924
1714313190548050233,3.70731,-1.21818,-0.506713,0.443838,3.93449,-0.0544789,-0.0410274,Three,0.947518,-0.297149,-0.117952,0.303039,0.952328,0.0351914,0.101872,-0.0690884,0.992396
1714313190553741630,3.70797,-1.21883,-0.507063,0.402718,3.93535,-0.0548553,-0.0413242,Three,0.947515,-0.297163,-0.117937,0.303049,0.952326,0.0351651,0.101865,-0.0690602,0.992398
1714313190559161596,3.67452,-1.20781,-0.502703,0.46359,3.89986,-0.0544874,-0.0412252,Three,0.947528,-0.29713,-0.117921,0.303016,0.952336,0.0351835,0.101846,-0.0690693,0.9924
1714313190564672227,3.66772,-1.20608,-0.501874,0.436026,3.89281,-0.0549453,-0.0411747,Three,0.947533,-0.297111,-0.11793,0.302999,0.952341,0.0352001,0.101851,-0.0690859,0.992398
1714313190570734019,3.66251,-1.2049,-0.5015,0.399542,3.88748,-0.0553613,-0.0413701,Three,0.947529,-0.297118,-0.117942,0.303008,0.952337,0.0352082,0.101859,-0.0690981,0.992396
1714313190577619970,3.66717,-1.20672,-0.502125,0.370983,3.89251,-0.0556053,-0.0413958,Three,0.947521,-0.297142,-0.117941,0.303032,0.95233,0.0352108,0.101856,-0.0691029,0.992396
1714313190584711882,3.64538,-1.20041,-0.499854,0.284225,3.86972,-0.056062,-0.0418272,Three,0.947518,-0.297156,-0.117934,0.303044,0.952326,0.035196,0.101853,-0.0690881,0.992398
1714313190591470440,3.61646,-1.19141,-0.495744,0.350513,3.83916,-0.0560604,-0.0413812,Three,0.947515,-0.29717,-0.117918,0.303056,0.952323,0.0351772,0.101842,-0.0690667,0.9924
1714313190598470566,3.6198,-1.19269,-0.496691,0.360986,3.84282,-0.0561944,-0.0419579,Three,0.947509,-0.297197,-0.117902,0.303082,0.952315,0.0351717,0.101827,-0.0690594,0.992402
1714313190605287467,3.59564,-1.18548,-0.493624,0.381091,3.81742,-0.0565259,-0.0419565,Three,0.947509,-0.297204,-0.11788,0.303086,0.952314,0.0351663,0.101808,-0.0690483,0.992405
1714313190612459880,3.58419,-1.18262,-0.492278,0.368939,3.80556,-0.0571804,-0.0421013,Three,0.947509,-0.297216,-0.11785,0.303096,0.952311,0.0351619,0.101779,-0.0690361,0.992409
1714313190619584165,3.58494,-1.18351,-0.493002,0.362906,3.80662,-0.0577468,-0.0426568,Three,0.947503,-0.297235,-0.117858,0.303114,0.952306,0.0351525,0.101788,-0.0690313,0.992408
1714313190626703142,3.56055,-1.17615,-0.490322,0.312641,3.78101,-0.0579815,-0.0430319,Three,0.9475,-0.297249,-0.117846,0.303127,0.952301,0.0351537,0.101776,-0.0690306,0.992409
1714313190633360623,3.561,-1.17676,-0.490446,0.326665,3.78163,-0.0585138,-0.0430388,Three,0.947505,-0.297229,-0.117853,0.30311,0.952306,0.035169,0.101779,-0.0690452,0.992408
1714313190640214928,3.55647,-1.17586,-0.489793,0.3631,3.777,-0.0589179,-0.0428708,Three,0.947497,-0.29725,-0.117864,0.303134,0.952298,0.0351838,0.101784,-0.0690652,0.992406
1714313190646782842,3.30361,-1.0935,-0.458409,-0.0430166,3.50924,-0.0559704,-0.0431927,Three,0.947493,-0.297268,-0.117853,0.303151,0.952293,0.0351892,0.10177,-0.0690688,0.992407
1714313190653624739,3.32919,-1.10231,-0.462152,-0.0382755,3.53653,-0.0567673,-0.0437319,Three,0.947496,-0.297262,-0.117843,0.303144,0.952295,0.0351942,0.101759,-0.0690697,0.992408
1714313190661034312,3.32733,-1.10233,-0.46196,-0.0269211,3.53475,-0.0574489,-0.0437334,Three,0.947506,-0.297232,-0.117841,0.303113,0.952305,0.035181,0.101763,-0.0690532,0.992409
1714313190667966841,3.29393,-1.09195,-0.457705,-0.0386817,3.49951,-0.0575688,-0.0435209,Three,0.947505,-0.297221,-0.117871,0.303102,0.952309,0.0351667,0.101797,-0.0690475,0.992406
1714313190674898566,3.35143,-1.11096,-0.465735,0.0348036,3.5606,-0.0584837,-0.0442879,Three,0.947501,-0.297232,-0.117881,0.303115,0.952304,0.0351785,0.101802,-0.0690631,0.992404
1714313190682154766,3.32155,-1.10108,-0.46152,0.0320488,3.52886,-0.0579716,-0.0439041,Three,0.947501,-0.297238,-0.117859,0.303123,0.952301,0.0352046,0.101773,-0.0690823,0.992406
1714313190688275787,3.25067,-1.07929,-0.452275,-0.0535525,3.45412,-0.0584487,-0.0435067,Three,0.947509,-0.29722,-0.117842,0.303105,0.952306,0.0352214,0.101753,-0.069091,0.992408
1714313190712420258,3.09799,-1.03052,-0.432254,-0.144569,3.2926,-0.0574723,-0.0423539,Three,0.947494,-0.297246,-0.1179,0.303135,0.952297,0.0352081,0.10181,-0.069099,0.992401
1714313190718022208,3.09409,-1.02931,-0.431774,-0.140687,3.2885,-0.057534,-0.0423649,Three,0.947498,-0.297233,-0.117897,0.303123,0.9523,0.0352225,0.101804,-0.0691105,0.992401
1714313190723486600,3.23973,-1.07859,-0.451267,-0.0507235,3.44344,-0.0609932,-0.0434704,Three,0.947497,-0.297235,-0.117899,0.303124,0.9523,0.0352225,0.101806,-0.0691114,0.992401
1714313190729382236,3.18536,-1.061,-0.44411,-0.0943494,3.38585,-0.0604472,-0.0431022,Three,0.947494,-0.297242,-0.117904,0.303132,0.952297,0.0352241,0.10181,-0.0691152,0.9924
1714313190735275216,3.54085,-1.18057,-0.490307,0.315072,3.76366,-0.0681801,-0.0444502,Three,0.947494,-0.297241,-0.117915,0.303133,0.952296,0.0352397,0.101815,-0.0691333,0.992398
1714313190741297216,3.5344,-1.17862,-0.489303,0.291043,3.75685,-0.0681736,-0.04425,Three,0.947488,-0.297259,-0.117915,0.303151,0.952291,0.0352308,0.101816,-0.0691266,0.992399
1714313190747107566,3.53486,-1.1796,-0.489268,0.275612,3.75758,-0.0689946,-0.0440046,Three,0.947488,-0.297249,-0.11794,0.303141,0.952294,0.0352235,0.101843,-0.0691262,0.992396
1714313190752894358,3.55219,-1.18588,-0.492107,0.345768,3.7762,-0.0698683,-0.0445709,Three,0.94749,-0.297238,-0.117953,0.303131,0.952297,0.0352263,0.101856,-0.0691317,0.992394
1714313190759676985,3.55228,-1.18637,-0.492039,0.301824,3.77642,-0.0703388,-0.0444577,Three,0.947492,-0.297229,-0.117953,0.303122,0.952301,0.0352201,0.101859,-0.0691251,0.992394
1714313190765858862,3.55487,-1.18776,-0.492378,0.289815,3.77933,-0.070897,-0.0445045,Three,0.947495,-0.297228,-0.117935,0.30312,0.952301,0.0352218,0.101841,-0.0691209,0.992396
1714313190771601335,3.56501,-1.19191,-0.493291,0.271519,3.79027,-0.0717878,-0.0441312,Three,0.947495,-0.297233,-0.117925,0.303124,0.9523,0.0352181,0.101832,-0.0691148,0.992398
1714313190777492597,3.57004,-1.19419,-0.49427,0.291122,3.79584,-0.0724491,-0.0444063,Three,0.947492,-0.297238,-0.117932,0.303128,0.952299,0.0352038,0.101843,-0.0691038,0.992397
1714313190784429384,3.57156,-1.19527,-0.494803,0.276806,3.79766,-0.0730608,-0.0446919,Three,0.947494,-0.29723,-0.117936,0.303119,0.952303,0.0351944,0.101849,-0.069095,0.992397
1714313190791647301,3.58975,-1.20212,-0.497404,0.264606,3.81724,-0.0741691,-0.044913,Three,0.947494,-0.297228,-0.117944,0.303117,0.952303,0.0351907,0.101859,-0.069094,0.992396
1714313190799495336,3.59083,-1.20307,-0.497773,0.246184,3.81859,-0.0746763,-0.0449757,Three,0.947484,-0.297247,-0.117979,0.303139,0.952296,0.035191,0.10189,-0.0691068,0.992392
1714313190806345121,3.60453,-1.20832,-0.499712,0.223482,3.83336,-0.0756492,-0.0451116,Three,0.947487,-0.297232,-0.117985,0.303126,0.9523,0.035205,0.101893,-0.0691207,0.992391
1714313190813307800,3.60072,-1.20771,-0.499432,0.186426,3.82953,-0.0762466,-0.0453409,Three,0.947492,-0.297226,-0.117965,0.303118,0.952302,0.0352077,0.101874,-0.0691164,0.992393
1714313190820259914,3.60222,-1.20862,-0.499658,0.176164,3.83125,-0.0767458,-0.0453406,Three,0.947498,-0.297205,-0.117967,0.303097,0.952309,0.0352049,0.101878,-0.069112,0.992393
1714313190827899704,3.63981,-1.22179,-0.504404,0.20198,3.87134,-0.0781942,-0.0453416,Three,0.947509,-0.297174,-0.117958,0.303066,0.952319,0.0352065,0.101871,-0.0691075,0.992394
1714313190834980978,3.62626,-1.21781,-0.502667,0.150965,3.85711,-0.0783317,-0.0453937,Three,0.947503,-0.297205,-0.117928,0.303096,0.952309,0.0352157,0.101837,-0.0691103,0.992398
1714313190841717584,3.65222,-1.22706,-0.506019,0.159946,3.88485,-0.0793646,-0.0455015,Three,0.947503,-0.297213,-0.117911,0.303103,0.952307,0.0352217,0.101819,-0.0691119,0.992399
1714313190848380759,3.69121,-1.24065,-0.511265,0.191604,3.92645,-0.0806437,-0.0458768,Three,0.947503,-0.29722,-0.117892,0.30311,0.952304,0.0352323,0.101797,-0.0691168,0.992401
1714313190855176014,3.6941,-1.2419,-0.511434,0.174767,3.92959,-0.0809595,-0.0456924,Three,0.947503,-0.297223,-0.117884,0.303113,0.952303,0.0352398,0.101787,-0.069122,0.992402
1714313190862329964,3.70986,-1.24773,-0.513356,0.153091,3.94647,-0.0817905,-0.0456193,Three,0.947503,-0.297225,-0.117878,0.303114,0.952303,0.0352324,0.101783,-0.0691132,0.992403
1714313190869194219,3.67682,-1.23707,-0.508372,0.0680202,3.91141,-0.0813984,-0.0447923,Three,0.947497,-0.297245,-0.117874,0.303133,0.952297,0.0352211,0.101782,-0.0691033,0.992404
1714313190876634192,3.66933,-1.23498,-0.50725,0.044751,3.90357,-0.0815952,-0.0446278,Three,0.947495,-0.297258,-0.117864,0.303144,0.952294,0.0352128,0.101773,-0.0690935,0.992405
1714313190884020279,3.72356,-1.25352,-0.514317,0.0650382,3.96128,-0.0831118,-0.0447873,Three,0.947498,-0.297243,-0.117877,0.30313,0.952298,0.0352137,0.101787,-0.0690968,0.992404
1714313190891067020,3.73504,-1.25782,-0.515987,0.0478137,3.97364,-0.0837425,-0.0448766,Three,0.947491,-0.297253,-0.117903,0.303142,0.952294,0.0352164,0.10181,-0.0691085,0.992401
1714313190897865341,3.74919,-1.26271,-0.518223,0.041946,3.98877,-0.0841712,-0.0453254,Three,0.94749,-0.297256,-0.117901,0.303144,0.952294,0.0352091,0.10181,-0.0691012,0.992401
1714313190904857975,3.78862,-1.27652,-0.523463,0.0439675,4.03086,-0.0854499,-0.0455442,Three,0.947483,-0.297279,-0.117905,0.303167,0.952287,0.0352004,0.101815,-0.0690967,0.992401
1714313190911765667,3.78936,-1.27704,-0.523569,0.0195236,4.03172,-0.0856405,-0.0455647,Three,0.947477,-0.297301,-0.117899,0.303188,0.952281,0.0351953,0.101809,-0.0690923,0.992402
1714313190918459825,3.78169,-1.27445,-0.522637,-0.0125102,4.02358,-0.085551,-0.0455717,Three,0.947482,-0.29728,-0.117905,0.303169,0.952286,0.035205,0.101814,-0.0691012,0.992401
1714313190925375612,3.80421,-1.28225,-0.525695,-0.0197659,4.04759,-0.0862004,-0.0457268,Three,0.947477,-0.297293,-0.117918,0.303181,0.952283,0.0351871,0.10183,-0.0690893,0.9924
1714313190932120669,3.61534,-1.21859,-0.497942,0.780473,3.84645,-0.08173,-0.041862,Three,0.947468,-0.297325,-0.117907,0.303209,0.952275,0.0351584,0.101827,-0.0690621,0.992402
1714313190938785428,3.78996,-1.27787,-0.52359,-0.076717,4.03255,-0.0861232,-0.0455173,Three,0.947469,-0.29733,-0.117889,0.303212,0.952275,0.0351533,0.10181,-0.0690519,0.992404
1714313190945362140,3.81236,-1.28529,-0.526044,-0.0831796,4.05626,-0.0865117,-0.0452693,Three,0.947473,-0.297327,-0.117861,0.303207,0.952276,0.0351543,0.101784,-0.0690442,0.992408
1714313190951960059,3.815,-1.28607,-0.526288,-0.106011,4.05902,-0.0864949,-0.0452731,Three,0.947478,-0.297319,-0.117841,0.303197,0.95228,0.0351464,0.101768,-0.0690294,0.99241
1714313190958807185,3.81036,-1.28443,-0.524896,-0.132072,4.05397,-0.0863113,-0.0445575,Three,0.947481,-0.297317,-0.117821,0.303193,0.952281,0.0351373,0.101752,-0.0690145,0.992413
1714313190965492133,3.81359,-1.28543,-0.525322,-0.148988,4.05738,-0.0863024,-0.0446998,Three,0.947485,-0.297317,-0.117793,0.303189,0.952283,0.0351203,0.10173,-0.0689895,0.992417
1714313190972299049,3.78135,-1.27439,-0.520586,-0.186555,4.02299,-0.0853945,-0.0440238,Three,0.947484,-0.297318,-0.117797,0.30319,0.952283,0.0351171,0.101735,-0.0689878,0.992417
1714313190979319667,3.7847,-1.27506,-0.521186,-0.207836,4.02643,-0.0851493,-0.0441676,Three,0.947491,-0.29729,-0.117812,0.303165,0.95229,0.0351327,0.101747,-0.0690044,0.992414
1714313190986086094,3.77169,-1.27055,-0.519085,-0.232938,4.01252,-0.0847637,-0.0438446,Three,0.947497,-0.297285,-0.11778,0.303157,0.952293,0.0351373,0.101715,-0.0689983,0.992418
1714313190992935317,3.78933,-1.27607,-0.521352,-0.243521,4.03114,-0.0847914,-0.0439595,Three,0.947501,-0.297274,-0.11777,0.303146,0.952296,0.0351356,0.101707,-0.0689924,0.992419
1714313191000038293,3.81273,-1.28347,-0.524313,-0.253775,4.05586,-0.0848329,-0.0439688,Three,0.947499,-0.297278,-0.117779,0.303151,0.952294,0.0351419,0.101714,-0.0690018,0.992418
1714313191006770855,3.83611,-1.29085,-0.526719,-0.2665,4.08049,-0.0848286,-0.0435168,Three,0.947497,-0.297287,-0.117768,0.303158,0.952292,0.0351379,0.101704,-0.0689955,0.992419
1714313191013363352,3.90817,-1.31458,-0.536616,-0.255958,4.15699,-0.0859122,-0.0444441,Three,0.947498,-0.297291,-0.117752,0.303159,0.952293,0.0351184,0.101694,-0.0689721,0.992422
1714313191020168566,3.79382,-1.27554,-0.520346,-0.319871,4.03511,-0.082822,-0.0427846,Three,0.947502,-0.297295,-0.117711,0.303161,0.952292,0.0351105,0.101657,-0.0689526,0.992427
1714313191088454958,4.02422,-0.944873,-0.531565,0.862062,4.15641,0.301705,-0.053601,Three,0.947496,-0.297342,-0.117638,0.303198,0.952282,0.0350768,0.101595,-0.0689029,0.992437
1714313191094465716,4.06747,-0.95361,-0.537497,0.825585,4.20069,0.306253,-0.0545141,Three,0.9475,-0.297333,-0.117632,0.303189,0.952285,0.0350686,0.101592,-0.0688921,0.992438
1714313191100517932,3.98121,-0.931691,-0.526456,0.843454,4.11115,0.301311,-0.0538298,Three,0.947503,-0.297322,-0.117632,0.303179,0.952288,0.0350801,0.10159,-0.0689021,0.992437
1714313191107496964,3.94817,-0.92241,-0.522412,0.834048,4.07661,0.300274,-0.0537209,Three,0.947501,-0.297321,-0.117655,0.303179,0.952287,0.0350872,0.101609,-0.0689157,0.992434
1714313191114129605,3.93754,-0.918595,-0.521044,0.817299,4.06524,0.300759,-0.0536838,Three,0.947498,-0.297326,-0.117661,0.303186,0.952285,0.035092,0.101613,-0.0689228,0.992434
1714313191120820693,3.97716,-0.9263,-0.526525,0.78711,4.10571,0.305299,-0.0545579,Three,0.947494,-0.29734,-0.117665,0.303201,0.95228,0.0351065,0.101611,-0.0689393,0.992433
1714313191127390886,4.01501,-0.933694,-0.532404,0.747113,4.14446,0.30957,-0.0559383,Three,0.947488,-0.297348,-0.117689,0.303212,0.952276,0.0351092,0.101633,-0.0689503,0.99243
1714313191134267156,3.96674,-0.920995,-0.526275,0.744788,4.09424,0.307177,-0.0555651,Three,0.947491,-0.297331,-0.117705,0.303195,0.952282,0.0350981,0.101653,-0.0689427,0.992428
1714313191141589453,4.01018,-0.929421,-0.532118,0.704931,4.13859,0.312075,-0.056456,Three,0.947497,-0.297322,-0.117684,0.303185,0.952285,0.0351038,0.101631,-0.0689406,0.992431
