t,x,y,z,odom_yaw,cx,cy,cz,label,rot1,rot2,rot3,rot4,rot5,rot6,rot7,rot8,rot9
1714313102642587544,3.79667,-1.10315,-0.519472,0.372245,3.98621,0.0959064,-0.0495037,Three,0.946349,-0.300498,-0.118848,0.306498,0.951209,0.0354887,0.102385,-0.0700115,0.992278
1714313102649156835,3.7772,-1.10171,-0.517184,0.357718,3.96708,0.0913005,-0.0492867,Three,0.946355,-0.300474,-0.118858,0.306474,0.951217,0.0354885,0.102396,-0.0700116,0.992277
1714313102655666272,3.76417,-1.10224,-0.515742,0.350311,3.95474,0.0867214,-0.0491231,Three,0.946364,-0.300444,-0.118864,0.306444,0.951227,0.0354848,0.102405,-0.0700066,0.992276
1714313102662342417,3.72956,-1.09669,-0.511355,0.379522,3.91979,0.0815902,-0.0487213,Three,0.946362,-0.300452,-0.11886,0.306453,0.951224,0.0354952,0.102398,-0.0700163,0.992276
1714313102669240579,3.64998,-1.07748,-0.502223,0.490254,3.83763,0.0758593,-0.0491237,Three,0.946357,-0.300466,-0.118868,0.306468,0.951219,0.0354925,0.102405,-0.0700178,0.992276
1714313102676012759,3.57581,-1.05985,-0.492854,0.538803,3.76102,0.0702385,-0.0486417,Three,0.946355,-0.300469,-0.118872,0.30647,0.951219,0.0354773,0.102413,-0.0700048,0.992276
1714313102682898563,3.53272,-1.05116,-0.487509,0.573498,3.717,0.0654629,-0.0483802,Three,0.946358,-0.300463,-0.118866,0.306462,0.951222,0.0354707,0.10241,-0.0699959,0.992277
1714313102690337760,3.64712,-1.09086,-0.501333,0.327495,3.83884,0.0623247,-0.0476881,Three,0.946356,-0.300478,-0.118844,0.306474,0.951218,0.035453,0.102394,-0.0699737,0.99228
1714313102863700105,3.75609,-1.24358,-0.521199,0.0988343,3.99021,-0.0506028,-0.0449799,Three,0.946368,-0.300383,-0.118985,0.306384,0.951249,0.0354092,0.102548,-0.0699654,0.992264
1714313102870521276,3.5477,-1.17894,-0.493889,-0.0987861,3.77033,-0.0519247,-0.0436988,Three,0.94636,-0.300399,-0.119006,0.306401,0.951244,0.0353964,0.10257,-0.0699612,0.992262
1714313102877117174,3.53076,-1.17751,-0.491976,-0.125193,3.75364,-0.0555648,-0.043612,Three,0.94635,-0.300429,-0.119014,0.306427,0.951237,0.0353584,0.102588,-0.0699307,0.992263
1714313102883103726,3.81405,-1.27554,-0.529103,0.0615151,4.0556,-0.0633616,-0.0446486,Three,0.946356,-0.300422,-0.118986,0.306416,0.951242,0.0353388,0.102568,-0.0699023,0.992267
1714313102889643524,3.79518,-1.27349,-0.526371,0.00607982,4.0368,-0.0671502,-0.0441905,Three,0.946364,-0.300413,-0.118943,0.306403,0.951246,0.0353268,0.102532,-0.0698765,0.992272
1714313102896242897,3.83037,-1.28958,-0.531164,0.00520537,4.07551,-0.0716653,-0.0442501,Three,0.946352,-0.300453,-0.118936,0.306443,0.951233,0.0353304,0.102521,-0.069882,0.992273
1714313102903327691,3.83197,-1.29447,-0.531113,-0.0297243,4.07849,-0.0756468,-0.0437574,Three,0.94634,-0.300497,-0.118921,0.306489,0.951217,0.0353592,0.102495,-0.0699099,0.992274
1714313102909865269,3.80187,-1.28848,-0.526899,-0.0810377,4.0477,-0.0789822,-0.0431519,Three,0.946339,-0.300508,-0.118904,0.3065,0.951213,0.0353715,0.102473,-0.0699174,0.992276
1714313102916624466,3.84774,-1.3081,-0.533105,-0.0778998,4.09774,-0.0839839,-0.0432001,Three,0.946351,-0.300466,-0.118912,0.306457,0.951227,0.0353627,0.102487,-0.0699068,0.992275
1714313102922259662,3.8645,-1.31737,-0.535031,-0.0956596,4.11662,-0.0877902,-0.042667,Three,0.946353,-0.300452,-0.11893,0.306445,0.951231,0.0353645,0.102505,-0.0699128,0.992273
1714313102927789166,3.85368,-1.31715,-0.53373,-0.124906,4.10617,-0.0907532,-0.042488,Three,0.946346,-0.300474,-0.118934,0.306465,0.951226,0.0353394,0.102515,-0.0698924,0.992273
1714313102933875564,3.81752,-1.30838,-0.528685,-0.165706,4.0687,-0.0932331,-0.0417512,Three,0.946338,-0.300492,-0.118947,0.306484,0.951219,0.0353402,0.102526,-0.0698993,0.992271
1714313102940408154,3.84097,-1.32017,-0.531986,-0.184999,4.09483,-0.0973583,-0.0417703,Three,0.946336,-0.300496,-0.118954,0.306491,0.951216,0.0353674,0.102523,-0.0699276,0.99227
1714313102947412099,3.88602,-1.33971,-0.538119,-0.192337,4.14407,-0.102311,-0.0419832,Three,0.946336,-0.300509,-0.118927,0.306503,0.951212,0.0353763,0.102494,-0.0699292,0.992273
1714313102954114097,3.90285,-1.34941,-0.540194,-0.211779,4.16316,-0.106425,-0.0416142,Three,0.946333,-0.300514,-0.118932,0.30651,0.951209,0.0353889,0.102495,-0.0699437,0.992271
1714313102960710131,3.86306,-1.33933,-0.534557,-0.256205,4.12181,-0.108876,-0.0408215,Three,0.946337,-0.300505,-0.118928,0.306499,0.951214,0.0353742,0.102496,-0.0699273,0.992273
1714313102967460623,3.88007,-1.34899,-0.536437,-0.278425,4.14103,-0.112958,-0.0402994,Three,0.94634,-0.300497,-0.118921,0.30649,0.951216,0.0353741,0.102489,-0.0699239,0.992273
1714313102974115286,3.91906,-1.36611,-0.541416,-0.289396,4.18366,-0.11741,-0.0399389,Three,0.946334,-0.300507,-0.118947,0.306502,0.951212,0.0353718,0.102514,-0.069931,0.99227
1714313103000746984,3.90135,-0.991601,-0.520981,0.9655,4.05193,0.234118,-0.0477266,Three,0.946336,-0.300507,-0.118929,0.306496,0.951216,0.0353216,0.102513,-0.0698774,0.992274
1714313103006706815,3.93333,-1.00385,-0.525776,0.932534,4.08644,0.232158,-0.048446,Three,0.946334,-0.300523,-0.118904,0.306506,0.951215,0.0352835,0.1025,-0.0698349,0.992279
1714313103012689469,3.96281,-1.01564,-0.530294,0.898946,4.11842,0.229823,-0.0490518,Three,0.946333,-0.300523,-0.118912,0.306506,0.951215,0.0352764,0.102509,-0.0698304,0.992278
1714313103019335203,3.93944,-1.01412,-0.528067,0.879387,4.09558,0.224158,-0.049256,Three,0.946333,-0.300515,-0.118934,0.306502,0.951215,0.0353,0.102524,-0.0698591,0.992274
1714313103025985192,3.93476,-1.01768,-0.528343,0.851937,4.09225,0.219355,-0.0496821,Three,0.946328,-0.30052,-0.118955,0.306511,0.951212,0.0353211,0.102536,-0.0698862,0.992271
1714313103032429768,3.90075,-1.01362,-0.523953,0.841965,4.05833,0.212985,-0.0490983,Three,0.946325,-0.30053,-0.118954,0.30652,0.951209,0.0353165,0.102537,-0.0698828,0.992271
1714313103039056589,3.94882,-1.03111,-0.531391,0.787675,4.10996,0.210799,-0.0503006,Three,0.946327,-0.300523,-0.11896,0.306512,0.951212,0.0353099,0.102545,-0.0698775,0.992271
1714313103045808732,3.92358,-1.02968,-0.52853,0.771035,4.0853,0.204453,-0.0502342,Three,0.946334,-0.300508,-0.118939,0.306496,0.951217,0.0353117,0.102526,-0.0698711,0.992273
1714313103052450359,3.94273,-1.03992,-0.531985,0.732526,4.10692,0.200459,-0.0509814,Three,0.946334,-0.300509,-0.11894,0.306499,0.951215,0.0353219,0.102523,-0.0698814,0.992273
1714313103059147530,3.88557,-1.03,-0.525087,0.729816,4.04902,0.192711,-0.0505775,Three,0.946324,-0.300528,-0.118969,0.30652,0.951209,0.035326,0.102548,-0.0698962,0.992269
1714313103066372162,3.92273,-1.04561,-0.530823,0.677482,4.08956,0.18909,-0.0513204,Three,0.94632,-0.300537,-0.118981,0.306532,0.951204,0.0353386,0.102555,-0.0699132,0.992267
1714313103073478895,3.92076,-1.05081,-0.530972,0.640675,4.08928,0.18344,-0.0513321,Three,0.946328,-0.300514,-0.118974,0.306507,0.951212,0.0353324,0.102552,-0.0699024,0.992269
1714313103080311261,3.88208,-1.0461,-0.52647,0.628319,4.05073,0.176099,-0.0512307,Three,0.946339,-0.300488,-0.118955,0.306477,0.951223,0.0353126,0.102542,-0.0698746,0.992272
1714313103087356861,3.90925,-1.05933,-0.53096,0.55963,4.08095,0.171626,-0.051936,Three,0.946342,-0.300472,-0.118964,0.306463,0.951227,0.0353204,0.102549,-0.0698834,0.99227
1714313103094270548,3.87761,-1.05653,-0.52778,0.554036,4.04979,0.164782,-0.0522051,Three,0.946336,-0.300492,-0.118969,0.306483,0.95122,0.0353247,0.102551,-0.0698911,0.992269
1714313103101265172,3.82937,-1.04922,-0.521496,0.56029,4.00119,0.157197,-0.0514834,Three,0.946336,-0.300497,-0.118956,0.306488,0.951219,0.0353272,0.102537,-0.0698899,0.992271
1714313103107928187,3.83378,-1.05629,-0.522532,0.511788,4.00761,0.15179,-0.0515712,Three,0.946336,-0.300498,-0.118955,0.306491,0.951217,0.0353473,0.10253,-0.069909,0.99227
1714313103114530093,3.78224,-1.04771,-0.516251,0.513892,3.95551,0.144346,-0.0511922,Three,0.946337,-0.30049,-0.118963,0.306485,0.951218,0.0353632,0.102533,-0.0699259,0.992269
1714313103121358272,3.77135,-1.05055,-0.515691,0.487808,3.946,0.138373,-0.0515287,Three,0.946333,-0.300501,-0.118969,0.306494,0.951216,0.0353439,0.102544,-0.0699104,0.992269
1714313103128094398,3.77626,-1.05785,-0.516861,0.444641,3.95297,0.132871,-0.0516574,Three,0.946334,-0.300496,-0.118973,0.306489,0.951218,0.0353358,0.102551,-0.0699035,0.992268
1714313103134587344,3.7795,-1.06455,-0.517972,0.342679,3.95819,0.12746,-0.0520056,Three,0.946334,-0.300499,-0.118961,0.306491,0.951218,0.0353288,0.102542,-0.0698933,0.99227
1714313103141635615,3.74287,-1.06065,-0.513132,0.363256,3.92177,0.120219,-0.0512684,Three,0.946328,-0.300523,-0.118952,0.306511,0.951212,0.0352973,0.102541,-0.069863,0.992272
1714313103148480953,3.72131,-1.06091,-0.510864,0.327491,3.90117,0.113599,-0.0512536,Three,0.946317,-0.300562,-0.118942,0.306546,0.951202,0.0352613,0.102539,-0.0698294,0.992275
1714313103154980600,3.6766,-1.05379,-0.504808,0.353829,3.85599,0.106944,-0.0503803,Three,0.946313,-0.300579,-0.118928,0.30656,0.951198,0.035247,0.10253,-0.0698133,0.992277
1714313103161424809,3.65615,-1.05359,-0.502687,0.385511,3.83633,0.100935,-0.050373,Three,0.946313,-0.300577,-0.118931,0.306558,0.951199,0.0352423,0.102535,-0.0698096,0.992277
1714313103167943561,3.66052,-1.06087,-0.503766,0.270519,3.84278,0.0952478,-0.0505009,Three,0.946319,-0.300561,-0.118927,0.306538,0.951207,0.0352125,0.10254,-0.0697778,0.992278
1714313103174765994,3.60678,-1.05107,-0.497521,0.340651,3.78824,0.0882968,-0.0505885,Three,0.946323,-0.300558,-0.118903,0.306533,0.951208,0.0352108,0.102518,-0.0697684,0.992281
1714313103181625152,3.35041,-0.982262,-0.464071,0.650086,3.52098,0.0763684,-0.0485772,Three,0.946323,-0.300568,-0.118876,0.306544,0.951204,0.0352296,0.102486,-0.0697793,0.992284
1714313103188649325,3.5706,-1.05278,-0.493878,0.431306,3.75408,0.0757429,-0.0507395,Three,0.946325,-0.300571,-0.118857,0.306545,0.951204,0.0352214,0.10247,-0.0697657,0.992287
1714313103195627390,3.56365,-1.0566,-0.493197,0.395925,3.74857,0.0699103,-0.0506,Three,0.946335,-0.300548,-0.118832,0.30652,0.951212,0.0352226,0.102448,-0.0697567,0.992289
1714313103203425769,3.54925,-1.05975,-0.48998,0.306542,3.73551,0.0624959,-0.048784,Three,0.946348,-0.300521,-0.118799,0.306493,0.95122,0.0352475,0.102412,-0.0697676,0.992292
1714313103332565938,3.4816,-1.15489,-0.487427,0.0134854,3.69978,-0.0489318,-0.0467293,Three,0.946376,-0.300452,-0.118746,0.306419,0.951244,0.0352414,0.102368,-0.0697375,0.992299
1714313103338659516,3.61922,-1.20553,-0.50615,0.174472,3.84745,-0.0556318,-0.0475836,Three,0.946377,-0.300439,-0.118773,0.30641,0.951247,0.0352559,0.10239,-0.0697585,0.992295
1714313103345399698,3.5637,-1.19316,-0.499146,0.060915,3.79036,-0.0606135,-0.0470572,Three,0.946372,-0.300441,-0.118805,0.306415,0.951244,0.0352683,0.102417,-0.0697806,0.992291
1714313103352293091,3.66645,-1.2335,-0.512055,0.160032,3.90125,-0.0679229,-0.0464734,Three,0.946367,-0.300451,-0.11882,0.306425,0.951242,0.0352527,0.102434,-0.0697712,0.99229
1714313103359167520,3.67057,-1.24118,-0.513186,0.127318,3.9076,-0.073993,-0.0467752,Three,0.94637,-0.300456,-0.118785,0.306426,0.951242,0.0352456,0.102403,-0.0697541,0.992294
1714313103365617989,3.73971,-1.27039,-0.522256,0.181675,3.98288,-0.0809329,-0.0467351,Three,0.946374,-0.300452,-0.118765,0.306421,0.951243,0.035245,0.102385,-0.0697472,0.992297
1714313103372644926,3.71825,-1.26935,-0.519126,0.100049,3.96189,-0.0864297,-0.0458972,Three,0.946376,-0.300446,-0.118765,0.306417,0.951244,0.0352636,0.10238,-0.0697643,0.992296
1714313103379778914,3.73086,-1.27943,-0.521,0.577531,3.97707,-0.0922494,-0.04566,Three,0.946375,-0.300439,-0.11879,0.306413,0.951245,0.0352791,0.102399,-0.0697861,0.992292
1714313103386506930,3.75525,-1.29405,-0.524519,0.055901,4.00497,-0.0989255,-0.0454651,Three,0.94638,-0.300406,-0.118831,0.306384,0.951254,0.035286,0.102438,-0.0698019,0.992287
1714313103393263352,3.75175,-1.29875,-0.524034,0.0191384,4.00301,-0.104543,-0.0448747,Three,0.946383,-0.300384,-0.118864,0.306366,0.951259,0.0353052,0.102466,-0.0698283,0.992283
1714313103400362635,3.72936,-1.29709,-0.521069,-0.0316185,3.98097,-0.1097,-0.0443021,Three,0.946381,-0.300387,-0.118874,0.306371,0.951256,0.0353233,0.102469,-0.0698489,0.992281
1714313103407591920,3.74209,-1.30773,-0.522497,-0.0559709,3.99638,-0.115886,-0.0437747,Three,0.946377,-0.30041,-0.118849,0.306393,0.951249,0.0353251,0.102443,-0.0698454,0.992284
1714313103414785777,3.80436,-1.33557,-0.531108,-0.0487322,4.0647,-0.123602,-0.0440125,Three,0.946378,-0.300409,-0.118845,0.306391,0.95125,0.0353191,0.102441,-0.0698383,0.992284
1714313103421448749,3.81547,-1.34493,-0.532942,-0.077421,4.07824,-0.129306,-0.04392,Three,0.946385,-0.300373,-0.118873,0.306359,0.95126,0.0353373,0.102465,-0.0698605,0.99228
1714313103428077194,3.83346,-1.35656,-0.535499,-0.0913953,4.09906,-0.135029,-0.0436709,Three,0.946388,-0.300354,-0.118903,0.306342,0.951265,0.0353441,0.102493,-0.0698744,0.992277
1714313103434908866,3.8008,-1.35064,-0.530419,-0.143699,4.06577,-0.139254,-0.0423524,Three,0.94639,-0.300344,-0.118912,0.306335,0.951267,0.0353649,0.102496,-0.0698959,0.992275
1714313103441443715,3.7793,-1.34814,-0.52751,-0.179072,4.04432,-0.143432,-0.0418026,Three,0.946394,-0.300326,-0.118922,0.306318,0.951272,0.0353689,0.102505,-0.0699008,0.992273
1714313103448284334,3.89192,-1.39367,-0.542652,-0.15792,4.16637,-0.152874,-0.04199,Three,0.946398,-0.300305,-0.118948,0.306297,0.95128,0.0353487,0.102538,-0.0698874,0.992271
1714313103454896854,3.85424,-1.38523,-0.537285,-0.202549,4.12754,-0.156219,-0.041155,Three,0.946401,-0.300299,-0.11894,0.306288,0.951283,0.0353343,0.102534,-0.0698702,0.992273
1714313103461579708,3.81445,-1.37593,-0.53194,-0.249671,4.08645,-0.159425,-0.04059,Three,0.946405,-0.300286,-0.118937,0.306276,0.951287,0.0353405,0.102531,-0.0698739,0.992273
1714313103468020178,3.83725,-1.38894,-0.534943,-0.265475,4.1123,-0.164882,-0.0402944,Three,0.946401,-0.300296,-0.118944,0.306287,0.951283,0.0353387,0.102537,-0.0698756,0.992272
1714313103522874318,4.04616,-1.09681,-0.543415,0.860393,4.22331,0.176392,-0.0473466,Three,0.946415,-0.30022,-0.119022,0.306215,0.951306,0.0353307,0.10262,-0.0698839,0.992263
1714313103529169487,4.02212,-1.09375,-0.540624,0.839261,4.1993,0.172019,-0.0472681,Three,0.946417,-0.300215,-0.119019,0.306209,0.951309,0.0353278,0.102618,-0.0698797,0.992263
1714313103535438020,3.9651,-1.08159,-0.533717,0.836292,4.14088,0.166378,-0.0469633,Three,0.946413,-0.300214,-0.119055,0.30621,0.951308,0.0353209,0.102655,-0.0698842,0.992259
1714313103542004785,3.99609,-1.09378,-0.538013,0.79581,4.17437,0.164091,-0.0471082,Three,0.946413,-0.300207,-0.119075,0.306204,0.95131,0.0353163,0.102675,-0.0698852,0.992257
1714313103547555317,3.94019,-1.08131,-0.531198,0.797217,4.11692,0.158993,-0.0469707,Three,0.94642,-0.300186,-0.119072,0.306184,0.951317,0.0353271,0.10267,-0.0698921,0.992257
1714313103553082104,3.92946,-1.08167,-0.530167,0.777293,4.10675,0.155315,-0.0469577,Three,0.946424,-0.300166,-0.119088,0.306166,0.951322,0.0353422,0.102682,-0.0699093,0.992255
1714313103558548043,3.92762,-1.08418,-0.530196,0.758964,4.10577,0.15225,-0.0468959,Three,0.94643,-0.300138,-0.119111,0.30614,0.95133,0.0353452,0.102706,-0.0699165,0.992252
1714313103564667648,3.97409,-1.10064,-0.537084,0.707762,4.15552,0.15056,-0.0477679,Three,0.94643,-0.300135,-0.119121,0.306138,0.951331,0.0353428,0.102716,-0.0699169,0.992251
1714313103570278184,3.95936,-1.09998,-0.535907,0.686578,4.14123,0.14675,-0.0481955,Three,0.946429,-0.300142,-0.119112,0.306143,0.951329,0.0353355,0.102709,-0.0699078,0.992252
1714313103576867854,3.91954,-1.09279,-0.531021,0.67776,4.10081,0.141552,-0.0480184,Three,0.946432,-0.300138,-0.119092,0.306137,0.951332,0.0353204,0.102695,-0.0698869,0.992255
1714313103583903753,3.92085,-1.09726,-0.531384,0.638954,4.10344,0.137641,-0.0480622,Three,0.946439,-0.300129,-0.11906,0.306124,0.951336,0.0353155,0.102667,-0.0698711,0.992259
1714313103590690819,3.91963,-1.10114,-0.531522,0.611202,4.10346,0.13356,-0.0480828,Three,0.946441,-0.300127,-0.119053,0.306123,0.951336,0.035324,0.102658,-0.069877,0.992259
1714313103596223428,3.91311,-1.10288,-0.530956,0.580878,4.09775,0.129908,-0.0479886,Three,0.94644,-0.300121,-0.119072,0.306118,0.951338,0.0353282,0.102675,-0.0698862,0.992257
1714313103601841604,3.88754,-1.09898,-0.527942,0.576698,4.07201,0.1259,-0.0479978,Three,0.946443,-0.300123,-0.119048,0.306119,0.951338,0.035328,0.102652,-0.0698786,0.99226
1714313103607427996,3.84989,-1.09173,-0.523287,0.577819,4.03365,0.121444,-0.0477961,Three,0.946443,-0.300125,-0.119037,0.306121,0.951337,0.0353361,0.102639,-0.0698833,0.992261
1714313103613014935,3.91013,-1.11269,-0.531852,0.469433,4.09797,0.119574,-0.0485878,Three,0.946447,-0.30011,-0.119051,0.306106,0.951341,0.0353342,0.102654,-0.0698841,0.992259
1714313103618589037,3.85682,-1.10117,-0.525076,0.502075,4.04326,0.114485,-0.0482342,Three,0.946447,-0.300117,-0.119028,0.306111,0.95134,0.0353247,0.102634,-0.0698687,0.992262
1714313103624072305,3.883,-1.11213,-0.529168,0.428266,4.07181,0.111975,-0.0488386,Three,0.946443,-0.300129,-0.119029,0.306121,0.951337,0.0353122,0.102638,-0.0698582,0.992263
1714313103629627732,3.86068,-1.10933,-0.526661,0.406744,4.04954,0.107889,-0.0488578,Three,0.946444,-0.300129,-0.119024,0.306122,0.951337,0.0353174,0.102632,-0.0698617,0.992263
1714313103635211204,3.83937,-1.10721,-0.523668,0.369862,4.02838,0.10355,-0.0483132,Three,0.946442,-0.300144,-0.119002,0.306135,0.951333,0.0353113,0.102612,-0.0698507,0.992266
1714313103640941292,3.82477,-1.10679,-0.521991,0.21662,4.01424,0.0995059,-0.0482411,Three,0.946446,-0.300138,-0.118986,0.306128,0.951335,0.0353129,0.102597,-0.0698466,0.992268
1714313103647670007,3.78439,-1.09968,-0.517024,0.208352,3.9733,0.0941325,-0.0480365,Three,0.946444,-0.300151,-0.118965,0.306141,0.951331,0.0353242,0.102573,-0.0698525,0.99227
1714313103653340279,3.77797,-1.10153,-0.516388,0.224918,3.96769,0.090437,-0.047965,Three,0.946445,-0.300153,-0.118958,0.306143,0.95133,0.0353317,0.102564,-0.0698577,0.99227
1714313103658994957,3.76876,-1.10221,-0.515323,0.362787,3.95906,0.0869254,-0.0477874,Three,0.94645,-0.300133,-0.118962,0.306124,0.951336,0.035337,0.102567,-0.0698617,0.99227
1714313103664606955,3.717,-1.09051,-0.508761,0.296718,3.90578,0.0823435,-0.0474038,Three,0.946458,-0.300109,-0.118961,0.306099,0.951344,0.0353375,0.102567,-0.0698592,0.99227
1714313103670176705,3.46963,-1.02095,-0.477226,0.652913,3.64703,0.0738318,-0.0462644,Three,0.946463,-0.300086,-0.118982,0.306079,0.95135,0.0353499,0.102585,-0.0698751,0.992267
1714313103675904046,3.53291,-1.04269,-0.485851,0.602043,3.71447,0.0722291,-0.0467437,Three,0.946459,-0.300089,-0.119,0.306084,0.951348,0.0353542,0.102601,-0.0698854,0.992265
1714313103681549708,3.47512,-1.02915,-0.478688,0.632563,3.65486,0.0676486,-0.0464867,Three,0.946461,-0.300082,-0.119006,0.306077,0.95135,0.0353446,0.102611,-0.0698774,0.992264
1714313103687781618,3.67345,-1.0922,-0.503634,0.278875,3.86447,0.0674589,-0.046455,Three,0.946463,-0.300074,-0.119013,0.306068,0.951354,0.035334,0.102621,-0.0698683,0.992264
1714313103695455229,3.64823,-1.08902,-0.500156,0.327757,3.83923,0.0628803,-0.0457679,Three,0.946462,-0.300071,-0.119025,0.306065,0.951355,0.0353315,0.102633,-0.0698693,0.992262
1714313103702378469,3.64882,-1.09258,-0.500492,0.317452,3.84089,0.0596051,-0.045788,Three,0.946466,-0.300057,-0.119026,0.306053,0.951358,0.0353481,0.102629,-0.069884,0.992262
1714313103920049340,3.89326,-1.25722,-0.537403,-0.0361648,4.12603,-0.0234396,-0.0464248,Three,0.946476,-0.300085,-0.118881,0.306069,0.951354,0.0353281,0.102497,-0.0698231,0.99228
1714313103926610283,3.93533,-1.27298,-0.54316,-0.0385831,4.17126,-0.0257501,-0.0467311,Three,0.946475,-0.300089,-0.11888,0.306072,0.951353,0.0353283,0.102495,-0.0698232,0.99228
1714313103940315173,3.83576,-1.24481,-0.528926,-0.162606,4.06688,-0.0289608,-0.0447254,Three,0.946476,-0.300078,-0.118893,0.306065,0.951354,0.0353448,0.102503,-0.0698418,0.992278
1714313104034208497,3.91853,-0.918236,-0.524091,0.813338,4.04667,0.306914,-0.0543158,Three,0.946501,-0.300005,-0.11888,0.306,0.951372,0.0354334,0.102469,-0.0699151,0.992276
1714313104040181977,3.86699,-0.90856,-0.51777,0.808581,3.99424,0.300509,-0.0539189,Three,0.946504,-0.299989,-0.1189,0.305984,0.951377,0.0354279,0.102491,-0.069914,0.992274
1714313104046258799,3.91654,-0.922833,-0.524976,0.761641,4.04629,0.301758,-0.0550404,Three,0.946511,-0.299971,-0.118888,0.305965,0.951383,0.0354313,0.102479,-0.0699115,0.992275
1714313104052969672,3.94429,-0.932334,-0.529716,0.717906,4.07596,0.301063,-0.0561161,Three,0.946507,-0.299974,-0.118915,0.305968,0.951383,0.0354091,0.102512,-0.0698992,0.992273
1714313104059776269,3.85102,-0.913304,-0.518372,0.735722,3.98063,0.29105,-0.0555533,Three,0.9465,-0.299975,-0.118963,0.305969,0.951384,0.0353809,0.102566,-0.069887,0.992268
1714313104066622924,3.88495,-0.924631,-0.52359,0.68637,4.01676,0.290469,-0.0563724,Three,0.946498,-0.299973,-0.118984,0.305969,0.951384,0.0353845,0.102585,-0.0698969,0.992265
1714313104073464834,3.8749,-0.925514,-0.522717,0.659795,4.00741,0.286593,-0.0563815,Three,0.946495,-0.299973,-0.119008,0.305971,0.951383,0.0353838,0.102608,-0.0699034,0.992263
1714313104080269808,3.86038,-0.925231,-0.521515,0.639303,3.99344,0.282503,-0.0567505,Three,0.946494,-0.299983,-0.118994,0.305979,0.951381,0.0353728,0.102598,-0.06989,0.992265
1714313104087146273,3.72906,-0.897575,-0.502665,-0.191263,3.85861,0.269242,-0.0534891,Three,0.946499,-0.29997,-0.118985,0.305966,0.951385,0.0353765,0.102588,-0.069889,0.992266
1714313104093928700,3.83388,-0.925615,-0.519144,0.581223,3.96819,0.27404,-0.0569902,Three,0.946497,-0.299964,-0.119018,0.305961,0.951387,0.035362,0.102625,-0.0698848,0.992262
1714313104100668112,3.82249,-0.926244,-0.517987,0.556583,3.95747,0.270011,-0.0568517,Three,0.946493,-0.299965,-0.119046,0.305962,0.951387,0.0353496,0.102655,-0.0698817,0.992259
1714313104107429715,3.81292,-0.927071,-0.517101,0.528921,3.94855,0.266274,-0.0569006,Three,0.946497,-0.299952,-0.119045,0.30595,0.951391,0.0353543,0.102654,-0.0698845,0.992259
1714313104114134131,3.77079,-0.920003,-0.512194,0.532756,3.90597,0.260264,-0.0568984,Three,0.9465,-0.299948,-0.119031,0.305943,0.951394,0.0353369,0.102646,-0.0698632,0.992262
1714313104120817139,3.7682,-0.922819,-0.512626,0.491242,3.90442,0.256787,-0.0574097,Three,0.9465,-0.299951,-0.119027,0.305944,0.951394,0.0353212,0.102647,-0.0698471,0.992263
1714313104127597067,3.76264,-0.924754,-0.51222,0.455684,3.89969,0.253204,-0.0573545,Three,0.946502,-0.299936,-0.119048,0.305929,0.951399,0.0353094,0.102671,-0.0698405,0.99226
1714313104134692506,3.73116,-0.920317,-0.508453,0.465529,3.86812,0.247875,-0.0571446,Three,0.946506,-0.299922,-0.11905,0.305915,0.951404,0.0353036,0.102677,-0.0698344,0.99226
1714313104141807830,3.69391,-0.914739,-0.503948,0.470956,3.83064,0.242076,-0.0569108,Three,0.946496,-0.299956,-0.119045,0.305946,0.951395,0.0352885,0.102674,-0.0698219,0.992262
1714313104149130773,3.69867,-0.919641,-0.505537,0.420797,3.83681,0.238889,-0.0575209,Three,0.946486,-0.299972,-0.119081,0.305965,0.951388,0.0352882,0.102707,-0.0698345,0.992257
1714313104155965845,3.67481,-0.917057,-0.502488,0.385156,3.81308,0.234157,-0.0571771,Three,0.946487,-0.299974,-0.119069,0.305967,0.951388,0.0352942,0.102693,-0.0698365,0.992259
1714313104162844698,3.66242,-0.917295,-0.500939,0.369636,3.80124,0.230161,-0.0569915,Three,0.946493,-0.299967,-0.119044,0.305959,0.95139,0.0353024,0.102667,-0.069836,0.992261
1714313104169712551,3.6493,-0.917401,-0.499668,0.392247,3.78872,0.226026,-0.0570656,Three,0.946498,-0.29995,-0.119044,0.305943,0.951395,0.0353104,0.102667,-0.0698421,0.992261
1714313104176631632,3.62306,-0.914046,-0.496581,0.352579,3.7625,0.221243,-0.0569427,Three,0.946503,-0.299937,-0.119041,0.305929,0.9514,0.0353053,0.102666,-0.0698345,0.992262
1714313104183385980,3.59926,-0.911911,-0.493698,0.339021,3.739,0.216106,-0.0565835,Three,0.946499,-0.299938,-0.119064,0.305931,0.951399,0.0352982,0.10269,-0.069835,0.992259
1714313104189153242,3.61301,-0.917857,-0.495905,0.330255,3.75406,0.214605,-0.0568124,Three,0.946494,-0.299942,-0.119099,0.305936,0.951398,0.0352847,0.102727,-0.0698335,0.992255
1714313104195749554,3.5934,-0.916221,-0.493379,0.301788,3.7347,0.210215,-0.0565171,Three,0.946499,-0.299935,-0.119077,0.305927,0.951401,0.0352822,0.102707,-0.0698233,0.992258
1714313104202460119,3.58692,-0.91784,-0.492844,0.324596,3.72899,0.206723,-0.0566922,Three,0.946502,-0.29994,-0.119036,0.30593,0.9514,0.0352853,0.102667,-0.0698143,0.992263
1714313104209363796,3.57684,-0.918953,-0.491988,0.303669,3.71968,0.202725,-0.0568111,Three,0.946493,-0.299969,-0.119033,0.305956,0.951392,0.0352613,0.10267,-0.0697935,0.992264
1714313104216168206,3.56073,-0.918449,-0.490044,0.309131,3.70404,0.19844,-0.0565703,Three,0.946485,-0.299994,-0.119034,0.305981,0.951385,0.0352546,0.102671,-0.0697901,0.992264
1714313104222866354,3.55944,-0.921369,-0.489865,0.31029,3.70368,0.195246,-0.0563034,Three,0.946487,-0.299987,-0.119039,0.305975,0.951386,0.0352658,0.102673,-0.0698016,0.992263
1714313104229819966,3.54746,-0.92178,-0.488811,0.291221,3.69234,0.191198,-0.0563961,Three,0.946488,-0.299978,-0.119057,0.305969,0.951388,0.0352811,0.102685,-0.0698207,0.99226
1714313104236744405,3.54211,-0.924193,-0.488421,0.317063,3.68795,0.187313,-0.0563292,Three,0.946483,-0.299986,-0.119074,0.30598,0.951383,0.0353,0.102696,-0.0698452,0.992258
1714313104243859126,3.55364,-0.930704,-0.490188,0.297885,3.70103,0.184607,-0.0565258,Three,0.946483,-0.299994,-0.119053,0.305986,0.951381,0.0353009,0.102674,-0.0698402,0.99226
1714313104250801441,3.53486,-0.929187,-0.487711,0.236153,3.6825,0.180317,-0.0562507,Three,0.946494,-0.299977,-0.119012,0.305967,0.951387,0.0353059,0.102635,-0.0698305,0.992265
1714313104257575383,3.5441,-0.934969,-0.488885,0.295322,3.69313,0.177561,-0.0561621,Three,0.9465,-0.299968,-0.118986,0.305958,0.951389,0.035321,0.102607,-0.069836,0.992268
1714313104264609451,3.5429,-0.938233,-0.489517,0.218087,3.69304,0.17412,-0.0565945,Three,0.946492,-0.299981,-0.119011,0.305973,0.951384,0.035327,0.102628,-0.0698508,0.992264
1714313104272198934,3.54225,-0.941449,-0.489861,0.2535,3.69344,0.170777,-0.0566567,Three,0.946495,-0.29996,-0.119043,0.305955,0.95139,0.0353315,0.102658,-0.0698628,0.99226
1714313104279775765,3.55023,-0.947376,-0.490705,0.244343,3.70287,0.167501,-0.056298,Three,0.9465,-0.299948,-0.119033,0.305943,0.951394,0.0353388,0.102647,-0.0698654,0.992261
1714313104286798301,3.55414,-0.951511,-0.491425,0.238363,3.7079,0.164738,-0.0563689,Three,0.946501,-0.299949,-0.11902,0.305942,0.951394,0.0353328,0.102637,-0.0698557,0.992263
1714313104294360050,3.56438,-0.958035,-0.493282,0.23805,3.71976,0.161562,-0.0567885,Three,0.946506,-0.299942,-0.118998,0.305936,0.951395,0.0353522,0.102611,-0.0698669,0.992265
1714313104301753169,3.56347,-0.960992,-0.492829,0.208479,3.71973,0.158441,-0.0563399,Three,0.946513,-0.299932,-0.118968,0.305925,0.951399,0.0353613,0.10258,-0.0698651,0.992268
1714313104308814511,3.57366,-0.967059,-0.494242,0.214021,3.73137,0.155703,-0.0562014,Three,0.946514,-0.299923,-0.118986,0.305917,0.951401,0.0353645,0.102597,-0.0698729,0.992266
1714313104315711542,3.58968,-0.974608,-0.496455,0.19798,3.74906,0.153329,-0.0562332,Three,0.946515,-0.299919,-0.118985,0.305914,0.951402,0.0353692,0.102594,-0.0698765,0.992266
1714313104322558036,3.60908,-0.982906,-0.499171,0.224718,3.77023,0.151276,-0.0565378,Three,0.94652,-0.299923,-0.118937,0.305914,0.951402,0.0353693,0.102549,-0.0698623,0.992272
1714313104329514985,3.61981,-0.989126,-0.500256,0.185289,3.78238,0.14859,-0.0562055,Three,0.946524,-0.299922,-0.118904,0.305913,0.951402,0.0353808,0.102514,-0.0698632,0.992275
1714313104336343037,3.63002,-0.995154,-0.502076,0.170495,3.79407,0.145948,-0.0565411,Three,0.946522,-0.299931,-0.118905,0.305921,0.951399,0.0353841,0.102514,-0.0698675,0.992275
1714313104343265486,3.6468,-1.00288,-0.50348,0.156497,3.81244,0.143695,-0.0556592,Three,0.94652,-0.299935,-0.118909,0.305925,0.951398,0.0353776,0.102519,-0.0698629,0.992275
1714313104350131559,3.68114,-1.0156,-0.508451,0.167014,3.84935,0.141948,-0.0561422,Three,0.946517,-0.29994,-0.11892,0.30593,0.951397,0.0353746,0.10253,-0.0698638,0.992274
1714313104356778332,3.6589,-1.0125,-0.505528,0.0903986,3.82702,0.138255,-0.0557949,Three,0.946513,-0.299956,-0.118906,0.305947,0.951391,0.0353829,0.102513,-0.0698694,0.992275
1714313104363890256,3.69061,-1.02466,-0.509862,0.0864107,3.86118,0.136314,-0.0560415,Three,0.946509,-0.299975,-0.118895,0.305966,0.951384,0.0353888,0.1025,-0.0698738,0.992276
1714313104370438640,3.71479,-1.03418,-0.513087,0.0903605,3.88731,0.134498,-0.0561602,Three,0.946513,-0.299967,-0.118879,0.305957,0.951387,0.0353984,0.102482,-0.069877,0.992278
1714313104377080234,3.72117,-1.03904,-0.513755,0.0509952,3.89489,0.131768,-0.0559649,Three,0.94652,-0.299959,-0.118845,0.305947,0.95139,0.0354012,0.102449,-0.0698682,0.992282
1714313104383814025,3.74866,-1.04959,-0.517448,0.0526732,3.92451,0.130034,-0.0561375,Three,0.94652,-0.299968,-0.118829,0.305953,0.951389,0.0353859,0.102438,-0.0698494,0.992284
1714313104390351913,3.73303,-1.0481,-0.515234,-0.00743584,3.909,0.126741,-0.0556497,Three,0.94652,-0.299965,-0.118828,0.30595,0.95139,0.0353733,0.102441,-0.0698368,0.992285
1714313104397120104,3.73057,-1.05036,-0.515094,-0.0438973,3.90734,0.123814,-0.0556242,Three,0.946523,-0.299958,-0.118823,0.305942,0.951392,0.0353805,0.102434,-0.0698413,0.992285
1714313104403767610,3.78326,-1.06789,-0.521896,-0.0309447,3.96328,0.122957,-0.0558081,Three,0.946529,-0.299946,-0.118808,0.305932,0.951395,0.0353978,0.102416,-0.0698523,0.992286
1714313104410311113,3.76026,-1.06418,-0.518917,-0.0843724,3.94004,0.119552,-0.0555165,Three,0.94653,-0.299947,-0.118796,0.305932,0.951395,0.0354098,0.102401,-0.06986,0.992287
1714313104417218212,3.82346,-1.08502,-0.527456,-0.0677868,4.00713,0.118871,-0.0561235,Three,0.946523,-0.299974,-0.118782,0.305958,0.951387,0.0353995,0.102388,-0.0698487,0.992289
1714313104423957062,3.73908,-1.06367,-0.515233,-0.156355,3.9194,0.113788,-0.054075,Three,0.946523,-0.29997,-0.118794,0.305955,0.951388,0.0353991,0.102401,-0.0698517,0.992288
1714313104430370482,3.62126,-1.03223,-0.497732,0.770172,3.79637,0.108212,-0.0509428,Three,0.946527,-0.299955,-0.118801,0.30594,0.951392,0.0354017,0.102408,-0.0698547,0.992287
1714313104437150021,3.83708,-1.09672,-0.528372,-0.158807,4.02364,0.111833,-0.0547366,Three,0.946524,-0.299963,-0.118802,0.305948,0.95139,0.0354007,0.102408,-0.0698549,0.992287
1714313104447560484,3.8029,-1.09105,-0.523764,-0.220898,3.98904,0.106912,-0.0539347,Three,0.946523,-0.299956,-0.118833,0.305943,0.951392,0.0353963,0.102439,-0.0698596,0.992283
1714313104455384596,3.79932,-1.09273,-0.52227,-0.256608,3.98597,0.104187,-0.0527768,Three,0.946531,-0.299938,-0.118814,0.305924,0.951398,0.0354021,0.102421,-0.0698571,0.992285
1714313104461717886,3.83267,-1.10446,-0.526316,-0.263711,4.02154,0.103085,-0.0525919,Three,0.946532,-0.299937,-0.118805,0.305921,0.951399,0.0353892,0.102416,-0.0698419,0.992287
1714313104468333623,3.84577,-1.11067,-0.528264,-0.289773,4.03604,0.101144,-0.0527782,Three,0.946531,-0.299945,-0.118798,0.305928,0.951397,0.0353873,0.10241,-0.0698388,0.992288
1714313104475571291,3.89182,-1.12656,-0.534266,-0.302264,4.0851,0.0998787,-0.0529792,Three,0.946535,-0.299939,-0.11878,0.30592,0.9514,0.0353747,0.102397,-0.0698207,0.99229
1714313104537926886,4.02629,-0.792458,-0.532888,0.804887,4.11201,0.458947,-0.0610906,Three,0.946532,-0.299942,-0.118795,0.30592,0.951401,0.0353332,0.102424,-0.0697857,0.99229
1714313104545134902,3.95161,-0.778998,-0.523558,0.805876,4.03618,0.449182,-0.060498,Three,0.946538,-0.299931,-0.118777,0.305909,0.951404,0.0353476,0.102403,-0.0697926,0.992292
1714313104551479853,3.95235,-0.780292,-0.524195,0.780797,4.03735,0.448058,-0.0610454,Three,0.946547,-0.29991,-0.118755,0.305885,0.951412,0.0353429,0.102385,-0.0697792,0.992294
1714313104557098779,3.97275,-0.785474,-0.528042,0.7476,4.05869,0.449164,-0.0623629,Three,0.946551,-0.299892,-0.118768,0.30587,0.951417,0.0353566,0.102394,-0.0697943,0.992292
1714313104562643454,3.96072,-0.784423,-0.527026,0.729258,4.04685,0.446623,-0.0626851,Three,0.946544,-0.299917,-0.118764,0.305896,0.951408,0.0353692,0.102385,-0.069808,0.992292
1714313104568275308,3.9639,-0.786553,-0.527508,0.701755,4.05054,0.445612,-0.0627955,Three,0.946542,-0.299933,-0.118737,0.305909,0.951404,0.0353543,0.102363,-0.0697871,0.992296
1714313104573985086,3.90984,-0.777285,-0.521537,0.705149,3.99588,0.43817,-0.0630388,Three,0.946536,-0.299949,-0.118741,0.305925,0.951399,0.0353569,0.102365,-0.0697926,0.992296
1714313104579512275,3.91065,-0.77857,-0.522246,0.681293,3.99711,0.437144,-0.0635637,Three,0.946538,-0.299943,-0.118745,0.305922,0.951399,0.0353794,0.102362,-0.0698146,0.992294
1714313104585499449,3.91274,-0.780368,-0.522619,0.654801,3.99969,0.435992,-0.06367,Three,0.946545,-0.299928,-0.118728,0.305908,0.951402,0.0354065,0.102339,-0.0698338,0.992295
1714313104592273566,3.9421,-0.788207,-0.526979,0.605607,4.03034,0.43737,-0.0645445,Three,0.946546,-0.299932,-0.118705,0.305912,0.951401,0.0354214,0.102312,-0.0698415,0.992298
1714313104598876123,3.97104,-0.795847,-0.530685,0.551824,4.06047,0.438818,-0.0647164,Three,0.946546,-0.299931,-0.118708,0.305911,0.951401,0.035422,0.102315,-0.0698428,0.992297
1714313104605573214,3.89154,-0.781753,-0.520178,0.576799,3.97974,0.42829,-0.0634123,Three,0.946546,-0.299933,-0.118708,0.305914,0.9514,0.0354237,0.102314,-0.0698444,0.992297
1714313104612468039,3.92452,-0.790403,-0.524322,0.516612,4.01404,0.430038,-0.0635796,Three,0.946544,-0.299942,-0.118698,0.305921,0.951398,0.0354123,0.102308,-0.0698316,0.992299
1714313104619223701,3.90274,-0.788106,-0.521619,0.499654,3.99243,0.42556,-0.0632622,Three,0.946551,-0.299918,-0.118703,0.305898,0.951406,0.0354136,0.102314,-0.0698318,0.992298
1714313104625768188,3.90941,-0.791717,-0.52266,0.441264,3.99994,0.424132,-0.0633999,Three,0.946551,-0.299921,-0.118694,0.305899,0.951405,0.0354106,0.102305,-0.0698262,0.992299
1714313104631288905,3.83596,-0.778556,-0.51357,0.483197,3.9254,0.414464,-0.062809,Three,0.946555,-0.29991,-0.118694,0.305888,0.951409,0.0354076,0.102307,-0.0698221,0.992299
1714313104636932642,3.86998,-0.787303,-0.518624,0.413003,3.96083,0.416347,-0.0636898,Three,0.946555,-0.299904,-0.118706,0.305884,0.95141,0.0354225,0.102314,-0.0698395,0.992297
1714313104642506514,3.87823,-0.790648,-0.520395,0.36909,3.96985,0.415594,-0.064389,Three,0.946558,-0.299897,-0.118702,0.305879,0.951411,0.0354385,0.102306,-0.069853,0.992297
1714313104648192220,3.83381,-0.78343,-0.514834,0.39235,3.92498,0.40906,-0.0639341,Three,0.946559,-0.299895,-0.118699,0.305877,0.951411,0.0354475,0.102301,-0.0698606,0.992297
1714313104654953743,3.81278,-0.781627,-0.512585,0.383642,3.90427,0.404468,-0.0638801,Three,0.946553,-0.299903,-0.118725,0.305888,0.951407,0.0354474,0.102325,-0.0698693,0.992294
1714313104661519805,3.7951,-0.779848,-0.510426,0.358885,3.88674,0.400828,-0.0635966,Three,0.946551,-0.299902,-0.118744,0.305888,0.951408,0.0354458,0.102344,-0.0698736,0.992292
1714313104668353088,3.79851,-0.783209,-0.511567,0.263836,3.89111,0.398618,-0.0642084,Three,0.946554,-0.2999,-0.118728,0.305884,0.951409,0.0354457,0.102328,-0.0698681,0.992294
1714313104675066426,3.76813,-0.779197,-0.507811,0.268816,3.8607,0.39327,-0.0639651,Three,0.946557,-0.2999,-0.118703,0.305883,0.951409,0.0354451,0.102305,-0.0698601,0.992297
1714313104681953478,3.737,-0.775105,-0.504001,0.308162,3.82957,0.387723,-0.0637164,Three,0.946562,-0.299888,-0.118688,0.305871,0.951412,0.0354629,0.102287,-0.0698712,0.992298
1714313104688826487,3.71109,-0.772338,-0.500706,0.262904,3.80383,0.38252,-0.0632986,Three,0.946565,-0.299881,-0.118687,0.305866,0.951413,0.0354772,0.102282,-0.0698838,0.992298
1714313104695656328,3.70975,-0.774722,-0.500402,0.243462,3.80324,0.379811,-0.0630023,Three,0.946569,-0.299871,-0.118679,0.305857,0.951416,0.0354914,0.10227,-0.0698938,0.992298
1714313104701258674,3.68015,-0.770983,-0.496664,0.164139,3.77366,0.374444,-0.0626346,Three,0.94657,-0.299872,-0.118665,0.305856,0.951416,0.0354932,0.102257,-0.0698913,0.9923
1714313104707112688,3.67684,-0.772654,-0.496333,0.23928,3.77099,0.371777,-0.0624612,Three,0.946575,-0.299851,-0.11868,0.305835,0.951423,0.0354799,0.102277,-0.069881,0.992298
1714313104713394570,3.67138,-0.774686,-0.49582,0.210919,3.76637,0.368202,-0.0623933,Three,0.946575,-0.299854,-0.118673,0.305837,0.951423,0.0354701,0.102273,-0.0698697,0.9923
1714313104719212382,3.67124,-0.776827,-0.495998,0.195248,3.76691,0.366084,-0.0624023,Three,0.946577,-0.299845,-0.118682,0.305829,0.951425,0.0354785,0.102279,-0.0698796,0.992298
1714313104724816289,3.65459,-0.776229,-0.493699,0.216793,3.75069,0.361586,-0.0618582,Three,0.94658,-0.299832,-0.118686,0.305819,0.951427,0.0355063,0.102276,-0.0699061,0.992297
1714313104730484675,3.6252,-0.772699,-0.489653,0.215288,3.72134,0.356092,-0.0611077,Three,0.946582,-0.29983,-0.118683,0.305816,0.951428,0.0355014,0.102274,-0.0699,0.992297
1714313104736866443,3.62498,-0.77534,-0.490073,0.184991,3.72198,0.353464,-0.0613803,Three,0.946585,-0.299821,-0.118677,0.305807,0.951432,0.0354964,0.10227,-0.0698925,0.992298
1714313104743705870,3.60955,-0.774895,-0.488256,0.205594,3.70703,0.349148,-0.0611389,Three,0.946591,-0.299799,-0.11869,0.305786,0.951438,0.0355097,0.10228,-0.0699068,0.992296
1714313104750876438,3.61988,-0.780555,-0.490006,0.236767,3.71871,0.346828,-0.0613329,Three,0.946591,-0.299789,-0.118713,0.305778,0.95144,0.035508,0.102304,-0.0699115,0.992293
1714313104758142027,3.6024,-0.780322,-0.487954,0.275718,3.70185,0.341836,-0.0611812,Three,0.946588,-0.299805,-0.118692,0.305792,0.951436,0.0354984,0.102285,-0.0698973,0.992296
1714313104765803457,3.6037,-0.784349,-0.48881,0.227536,3.70439,0.338333,-0.0616223,Three,0.946592,-0.299795,-0.118689,0.305781,0.95144,0.0354894,0.102286,-0.0698867,0.992297
1714313104772932565,3.6055,-0.78786,-0.489092,0.23045,3.70718,0.335539,-0.0615223,Three,0.946593,-0.299798,-0.118675,0.305782,0.95144,0.0354884,0.102273,-0.0698818,0.992299
1714313104779620984,3.61166,-0.792371,-0.489799,0.204258,3.71445,0.333032,-0.0612576,Three,0.946598,-0.299779,-0.11868,0.305763,0.951446,0.0354895,0.102279,-0.0698824,0.992298
1714313104785424306,3.61433,-0.795495,-0.490416,0.265366,3.71799,0.330876,-0.0614199,Three,0.946598,-0.299785,-0.118669,0.305768,0.951444,0.0354884,0.102268,-0.0698785,0.992299
1714313104791606761,3.58908,-0.792704,-0.487038,0.184093,3.69284,0.325968,-0.0609069,Three,0.946596,-0.299796,-0.118653,0.305779,0.951441,0.035487,0.102253,-0.0698735,0.992301
1714313104798621032,3.62001,-0.803219,-0.491672,0.251062,3.72582,0.3253,-0.0615757,Three,0.946592,-0.299806,-0.118661,0.305789,0.951438,0.0354796,0.102262,-0.06987,0.992301
1714313104805494293,3.61329,-0.804774,-0.490692,0.160152,3.71981,0.321803,-0.0610864,Three,0.946589,-0.299805,-0.118686,0.305788,0.951439,0.0354676,0.102289,-0.069866,0.992298
1714313104812481920,3.62456,-0.810586,-0.492155,0.161133,3.73241,0.319578,-0.0610035,Three,0.946597,-0.299782,-0.118679,0.305766,0.951446,0.0354769,0.102281,-0.0698703,0.992299
1714313104819668923,3.64138,-0.817785,-0.494373,0.17139,3.75075,0.317805,-0.0610708,Three,0.946599,-0.299787,-0.118655,0.305768,0.951445,0.0354718,0.10226,-0.0698585,0.992302
1714313104826810280,3.63924,-0.820443,-0.49395,0.260473,3.74947,0.314572,-0.0606589,Three,0.946603,-0.299771,-0.118662,0.305753,0.951449,0.0354843,0.102264,-0.069871,0.9923
1714313104833693134,3.66663,-0.829865,-0.498133,0.18468,3.77873,0.313733,-0.0612244,Three,0.946608,-0.299742,-0.118694,0.305728,0.951457,0.0354901,0.102295,-0.0698835,0.992296
1714313104840587211,3.66309,-0.832444,-0.497863,0.125343,3.77612,0.310219,-0.0609467,Three,0.946601,-0.299742,-0.118744,0.305731,0.951457,0.035481,0.102345,-0.0698902,0.992291
1714313104847742308,3.67934,-0.839367,-0.500442,0.293407,3.79389,0.308486,-0.061319,Three,0.946602,-0.299736,-0.118755,0.305725,0.951459,0.0354796,0.102355,-0.0698913,0.99229
1714313104854744231,3.69876,-0.847432,-0.5029,0.122004,3.815,0.306547,-0.0610491,Three,0.946608,-0.299704,-0.118794,0.305695,0.951468,0.0354792,0.102395,-0.0698996,0.992285
