t,x,y,z,odom_yaw,cx,cy,cz,label,rot1,rot2,rot3,rot4,rot5,rot6,rot7,rot8,rot9
1714322807661969583,3.7188,-0.119593,-0.484183,-0.023497,3.74959,-0.117019,-0.0711701,Three,0.993982,-0.00114676,-0.109535,0.00374453,0.999717,0.0235137,0.109477,-0.0237823,0.993705
1714322807703156506,3.87766,0.0242601,-0.499954,0.205725,3.90907,0.0268286,-0.0728102,Three,0.993981,-0.00109885,-0.109549,0.00370177,0.999716,0.0235598,0.109492,-0.0238235,0.993702
1714322807709873386,3.95162,0.0491504,-0.508323,0.383113,3.98347,0.0517602,-0.073551,Three,0.993979,-0.00109132,-0.109567,0.00369454,0.999716,0.023559,0.10951,-0.023822,0.9937
1714322807715994788,3.95145,0.0681707,-0.506711,0.489938,3.9831,0.0708409,-0.0724061,Three,0.993978,-0.00109835,-0.10957,0.00370158,0.999716,0.023558,0.109513,-0.0238217,0.9937
1714322807722684550,3.94058,0.0874827,-0.503345,0.598832,3.9719,0.0902463,-0.0707706,Three,0.99398,-0.00111372,-0.109556,0.00371615,0.999716,0.023553,0.109499,-0.0238183,0.993702
1714322807729460067,4.02622,0.107678,-0.512015,0.674156,4.05796,0.11053,-0.070545,Three,0.993982,-0.00110903,-0.109542,0.00370947,0.999716,0.0235384,0.109485,-0.0238031,0.993703
1714322807736295972,4.08332,0.126396,-0.517506,0.762806,4.11529,0.129344,-0.07027,Three,0.993984,-0.00111337,-0.109523,0.00371109,0.999717,0.0235175,0.109466,-0.0237825,0.993706
1714322807736295972,4.1095,-0.241144,-0.526838,-0.577753,4.14274,-0.238215,-0.0679374,Three,0.993984,-0.00111337,-0.109523,0.00371109,0.999717,0.0235175,0.109466,-0.0237825,0.993706
1714322807743113388,3.95279,-0.218115,-0.508163,-0.5278,3.9849,-0.215371,-0.0670755,Three,0.993984,-0.00110417,-0.109524,0.00370275,0.999716,0.0235256,0.109467,-0.0237896,0.993706
1714322807749692866,4.01285,-0.206742,-0.517467,-0.397846,4.04561,-0.20408,-0.0699327,Three,0.993981,-0.00108398,-0.109543,0.00368508,0.999716,0.0235453,0.109487,-0.0238073,0.993703
1714322807757477724,3.97932,-0.187123,-0.515223,-0.277497,4.01201,-0.184617,-0.0718156,Three,0.993981,-0.00106392,-0.109549,0.00366504,0.999716,0.0235452,0.109493,-0.023805,0.993702
1714322807764521209,3.89689,-0.165813,-0.505647,-0.226147,3.92901,-0.163438,-0.0718344,Three,0.993981,-0.00105133,-0.109549,0.00365245,0.999716,0.023546,0.109493,-0.0238044,0.993703
1714322807771886582,3.88064,-0.146699,-0.504402,-0.080214,3.9127,-0.14434,-0.0728955,Three,0.993983,-0.00105728,-0.109532,0.00366007,0.999716,0.0235645,0.109476,-0.0238236,0.993704
1714322807779439592,3.70251,-0.119438,-0.481428,-0.0133561,3.73309,-0.117243,-0.0702936,Three,0.993985,-0.00104616,-0.10951,0.00365138,0.999715,0.0235919,0.109454,-0.0238499,0.993706
1714322807786154872,3.88409,-0.112365,-0.504759,-0.133503,3.91612,-0.110076,-0.0737692,Three,0.993985,-0.00104231,-0.10951,0.00365017,0.999714,0.0236162,0.109454,-0.0238739,0.993705
1714322807825858212,3.94853,-0.00726977,-0.507358,0.327029,3.98035,-0.0046867,-0.0718537,Three,0.993986,-0.00108048,-0.109499,0.00368915,0.999714,0.0236238,0.109443,-0.0238857,0.993706
1714322807831387311,3.97626,0.00675491,-0.509748,0.429116,4.00816,0.00941515,-0.0714057,Three,0.993983,-0.00108828,-0.10953,0.0036959,0.999714,0.0236071,0.109473,-0.0238699,0.993703
1714322807839701490,3.96998,0.0246435,-0.506743,0.532329,4.00157,0.0273846,-0.0695822,Three,0.993984,-0.00109801,-0.109518,0.00370463,0.999715,0.0236001,0.109461,-0.0238639,0.993705
1714322807847525756,4.01635,0.0412645,-0.511337,0.632123,4.04814,0.0440518,-0.069492,Three,0.993985,-0.00109529,-0.109513,0.00370297,0.999714,0.0236112,0.109455,-0.0238747,0.993705
1714322807854110820,4.09245,0.0549145,-0.519558,0.704505,4.12467,0.0577479,-0.069628,Three,0.993984,-0.00108614,-0.10952,0.00369523,0.999714,0.0236229,0.109463,-0.0238855,0.993704
1714322807854110820,4.07193,-0.311973,-0.524565,-0.683573,4.10522,-0.309229,-0.0680863,Three,0.993984,-0.00108614,-0.10952,0.00369523,0.999714,0.0236229,0.109463,-0.0238855,0.993704
1714322807860924530,4.06523,-0.293872,-0.525669,-0.58001,4.09866,-0.291179,-0.0702838,Three,0.993982,-0.0010871,-0.109535,0.0036975,0.999714,0.0236314,0.109478,-0.0238942,0.993702
1714322807867689201,4.02697,-0.272139,-0.522434,-0.485299,4.06025,-0.269494,-0.0717836,Three,0.993982,-0.00109288,-0.109534,0.00370306,0.999714,0.0236293,0.109477,-0.0238927,0.993702
1714322807874831728,3.94977,-0.245813,-0.514049,-0.401825,3.98258,-0.243292,-0.0725988,Three,0.993984,-0.00108605,-0.109516,0.00369627,0.999714,0.0236339,0.109459,-0.0238965,0.993704
1714322807881556640,3.94681,-0.224565,-0.514946,-0.289335,3.9797,-0.222043,-0.0743805,Three,0.993986,-0.00109631,-0.109503,0.00370518,0.999714,0.0236241,0.109445,-0.0238878,0.993706
1714322807888625159,3.90281,-0.198749,-0.510701,-0.174593,3.93549,-0.196256,-0.0755434,Three,0.993984,-0.00110597,-0.109516,0.00371409,0.999714,0.0236139,0.109459,-0.0238786,0.993705
1714322807895250959,3.81137,-0.172135,-0.499843,-0.139305,3.84337,-0.169768,-0.0754152,Three,0.993985,-0.00109703,-0.109511,0.00370591,0.999714,0.0236222,0.109454,-0.023886,0.993705
1714322807901830915,3.78674,-0.148538,-0.497195,-0.0155062,3.81858,-0.146211,-0.0760356,Three,0.993985,-0.00109572,-0.109513,0.00370477,0.999714,0.0236234,0.109456,-0.0238871,0.993705
1714322807909497901,3.67667,-0.11802,-0.482618,-0.0403141,3.70753,-0.115785,-0.0743198,Three,0.993985,-0.00109062,-0.109515,0.00369945,0.999714,0.0236213,0.109458,-0.0238844,0.993704
1714322807950023603,3.90591,0.0181594,-0.507154,0.234534,3.93793,0.0205686,-0.0769961,Three,0.993988,-0.00107759,-0.109481,0.00368727,0.999714,0.0236371,0.109424,-0.0238987,0.993708
1714322807956412723,3.94445,0.0393456,-0.510162,0.329594,3.97655,0.0417636,-0.076341,Three,0.99399,-0.00106374,-0.109464,0.00367234,0.999714,0.0236319,0.109407,-0.0238918,0.99371
1714322807962651847,3.96272,0.0591516,-0.511052,0.439148,3.99478,0.0616327,-0.0757777,Three,0.993992,-0.00106982,-0.109445,0.00367761,0.999714,0.0236284,0.109388,-0.0238889,0.993712
1714322807969287332,3.96439,0.0789224,-0.508985,0.547294,3.99619,0.0814712,-0.074033,Three,0.993993,-0.00107461,-0.10944,0.00368263,0.999714,0.0236313,0.109383,-0.0238924,0.993712
1714322807975845215,3.96817,0.0968631,-0.507452,0.644954,3.99976,0.0994279,-0.0724308,Three,0.99399,-0.00106688,-0.109463,0.00367614,0.999714,0.0236378,0.109407,-0.0238982,0.99371
1714322807982391746,3.97532,0.113937,-0.506172,0.736636,4.00671,0.116509,-0.0706531,Three,0.993987,-0.00105519,-0.109496,0.00366516,0.999714,0.0236378,0.109439,-0.0238969,0.993706
1714322807982391746,4.07242,-0.247669,-0.521264,-0.673939,4.10527,-0.244994,-0.0663811,Three,0.993987,-0.00105519,-0.109496,0.00366516,0.999714,0.0236378,0.109439,-0.0238969,0.993706
1714322807989159829,4.03289,-0.232622,-0.517977,-0.588884,4.0656,-0.229991,-0.0677234,Three,0.993985,-0.00106132,-0.109515,0.00367175,0.999714,0.0236374,0.109458,-0.0238973,0.993704
1714322807995859216,3.98599,-0.216498,-0.513246,-0.508741,4.01846,-0.213916,-0.0684474,Three,0.993982,-0.00106496,-0.109537,0.00367705,0.999714,0.0236473,0.109481,-0.0239078,0.993701
1714322808003002293,3.94688,-0.199023,-0.509376,-0.423702,3.97914,-0.196558,-0.0691884,Three,0.993979,-0.00104944,-0.109565,0.00366191,0.999714,0.0236454,0.109509,-0.0239043,0.993698
1714322808009576706,3.88926,-0.181636,-0.502921,-0.361101,3.92114,-0.179266,-0.0694417,Three,0.993977,-0.00104098,-0.10958,0.00365416,0.999714,0.0236492,0.109524,-0.0239072,0.993697
1714322808016164544,3.92368,-0.167856,-0.507926,-0.229249,3.95588,-0.16548,-0.0708522,Three,0.993974,-0.00104097,-0.109611,0.00365499,0.999714,0.0236501,0.109555,-0.0239082,0.993693
1714322808022918287,3.89422,-0.150723,-0.504985,-0.119011,3.92627,-0.148409,-0.0714447,Three,0.993971,-0.00103525,-0.109642,0.0036495,0.999714,0.0236456,0.109586,-0.0239032,0.99369
1714322808030490775,3.84499,-0.13085,-0.499029,-0.0711182,3.87666,-0.128596,-0.0713763,Three,0.99397,-0.00103104,-0.109647,0.00364632,0.999714,0.0236541,0.109591,-0.0239113,0.993689
1714322808037489322,3.83857,-0.113803,-0.49897,0.114542,3.87025,-0.111552,-0.0724257,Three,0.99397,-0.00103733,-0.109648,0.00365174,0.999714,0.0236456,0.109592,-0.0239035,0.993689
1714322808090515234,3.93656,0.00846544,-0.506655,0.444874,3.96836,0.0109832,-0.072112,Three,0.993966,-0.00106747,-0.109682,0.00367908,0.999714,0.0236112,0.109625,-0.0238722,0.993686
1714322808097308130,3.97176,0.0215565,-0.51013,0.502281,4.00373,0.0241511,-0.0718958,Three,0.993963,-0.0010745,-0.109712,0.00368386,0.999715,0.0235837,0.109656,-0.0238455,0.993684
1714322808103779361,3.98707,0.033914,-0.510659,0.581449,4.01898,0.0365157,-0.071008,Three,0.993962,-0.00106564,-0.109719,0.00367262,0.999716,0.0235611,0.109663,-0.0238218,0.993683
1714322808110545263,4.05188,0.0467523,-0.517409,0.645997,4.08413,0.0493547,-0.0709774,Three,0.993964,-0.00104783,-0.109703,0.00365508,0.999716,0.0235679,0.109647,-0.0238267,0.993685
1714322808118463535,4.05271,0.0596995,-0.515963,0.744117,4.08478,0.0622868,-0.069815,Three,0.993965,-0.00103649,-0.109689,0.00364484,0.999715,0.0235816,0.109634,-0.023839,0.993686
1714322808118463535,4.07743,-0.304358,-0.524315,-0.678561,4.11065,-0.301774,-0.0667257,Three,0.993965,-0.00103649,-0.109689,0.00364484,0.999715,0.0235816,0.109634,-0.023839,0.993686
1714322808126060653,3.979,-0.279616,-0.51356,-0.607919,4.0116,-0.277217,-0.0674895,Three,0.993967,-0.0010186,-0.109672,0.00362566,0.999716,0.0235746,0.109617,-0.02383,0.993688
1714322808132835817,3.99375,-0.264311,-0.516804,-0.517234,4.02661,-0.261913,-0.0694208,Three,0.993966,-0.00102483,-0.109683,0.00363123,0.999716,0.023566,0.109627,-0.0238221,0.993687
1714322808140436684,3.82417,-0.233809,-0.495587,0.594614,3.8557,-0.231455,-0.0676052,Three,0.993965,-0.00104518,-0.109696,0.00365114,0.999716,0.023558,0.10964,-0.0238163,0.993686
1714322808146979587,3.8911,-0.221794,-0.505885,-0.375027,3.92334,-0.219399,-0.0708108,Three,0.993965,-0.00105642,-0.10969,0.00366209,0.999716,0.0235561,0.109634,-0.0238156,0.993687
1714322808153860893,3.84331,-0.200776,-0.500559,-0.320324,3.87524,-0.198493,-0.0713142,Three,0.993967,-0.00104184,-0.109676,0.00364725,0.999716,0.0235577,0.10962,-0.0238156,0.993688
1714322808160632245,3.88562,-0.183924,-0.506731,-0.171908,3.91795,-0.181617,-0.073161,Three,0.993965,-0.00104654,-0.109689,0.00365217,0.999716,0.0235566,0.109633,-0.023815,0.993687
1714322808167558822,3.85607,-0.163341,-0.503413,-0.0698594,3.88819,-0.161033,-0.0735124,Three,0.993963,-0.00105575,-0.109709,0.0036635,0.999715,0.0235708,0.109653,-0.0238305,0.993684
1714322808174660939,3.80808,-0.141394,-0.497787,-0.0393249,3.83985,-0.139079,-0.0736712,Three,0.993962,-0.00107027,-0.109719,0.00367737,0.999716,0.023562,0.109662,-0.0238233,0.993683
1714322808181357412,3.71743,-0.118854,-0.485722,0.0181993,3.74841,-0.116527,-0.0722101,Three,0.993963,-0.00108841,-0.109706,0.00369451,0.999716,0.0235548,0.109649,-0.0238179,0.993685
1714322808228450267,3.81775,0.00496503,-0.496041,0.259311,3.84912,0.00712035,-0.0747227,Three,0.993973,-0.00102297,-0.109625,0.00363413,0.999714,0.023622,0.109569,-0.023878,0.993692
1714322808234790825,3.85987,0.0200014,-0.500587,0.271442,3.89146,0.0221885,-0.0748117,Three,0.993968,-0.0010197,-0.109669,0.00363347,0.999714,0.0236361,0.109613,-0.023892,0.993687
1714322808241272431,3.87883,0.0361289,-0.502049,0.356813,3.91045,0.0383312,-0.0745266,Three,0.993966,-0.00101568,-0.10968,0.00362952,0.999714,0.0236345,0.109625,-0.0238899,0.993686
1714322808248117209,3.81358,0.0508384,-0.491308,-0.460149,3.84441,0.0530527,-0.0713733,Three,0.993967,-0.00101545,-0.109676,0.00362849,0.999714,0.0236282,0.109621,-0.0238836,0.993687
1714322808255069061,3.90636,0.0673854,-0.502436,0.506275,3.93782,0.0697026,-0.072644,Three,0.993967,-0.00102396,-0.109679,0.00363695,0.999714,0.0236265,0.109624,-0.0238828,0.993686
1714322808261880520,3.93101,0.0819707,-0.504025,0.570578,3.96249,0.0843751,-0.0718286,Three,0.993965,-0.0010336,-0.109689,0.0036465,0.999714,0.023623,0.109634,-0.0238804,0.993685
1714322808268888825,4.0142,0.0975171,-0.513027,0.618813,4.04614,0.100054,-0.0719644,Three,0.993964,-0.0010449,-0.109705,0.00365933,0.999714,0.0236329,0.109649,-0.0238917,0.993683
1714322808275840727,4.01849,0.110595,-0.512104,0.691465,4.0503,0.113219,-0.0709916,Three,0.993966,-0.00105888,-0.10968,0.00367394,0.999714,0.0236433,0.109624,-0.0239036,0.993686
1714322808283415252,4.09035,0.125632,-0.518917,0.750364,4.12245,0.128411,-0.0703206,Three,0.993968,-0.0010732,-0.109662,0.00368867,0.999713,0.0236501,0.109606,-0.023912,0.993687
1714322808283415252,4.03229,-0.237454,-0.518636,-0.607089,4.0651,-0.234778,-0.0677221,Three,0.993968,-0.0010732,-0.109662,0.00368867,0.999713,0.0236501,0.109606,-0.023912,0.993687
1714322808289861844,4.06917,-0.229973,-0.524109,-0.518668,4.10235,-0.227289,-0.0693125,Three,0.993969,-0.0010742,-0.109659,0.00368925,0.999714,0.023647,0.109602,-0.0239089,0.993688
1714322808296619240,3.98473,-0.21509,-0.513467,-0.487034,4.01723,-0.212467,-0.0684563,Three,0.993972,-0.00107566,-0.109632,0.00369146,0.999713,0.0236597,0.109575,-0.0239217,0.993691
1714322808303605541,3.9552,-0.202738,-0.510184,-0.422941,3.9875,-0.200161,-0.0687989,Three,0.993974,-0.00107377,-0.109613,0.00369014,0.999713,0.0236692,0.109556,-0.023931,0.993693
1714322808310331798,3.99588,-0.193635,-0.516018,-0.321134,4.02857,-0.191067,-0.0704224,Three,0.993976,-0.00106939,-0.109596,0.00368565,0.999713,0.023672,0.10954,-0.0239333,0.993694
1714322808317018667,3.91534,-0.179023,-0.506491,-0.298395,3.94746,-0.176425,-0.0701329,Three,0.993976,-0.00109606,-0.109596,0.00371179,0.999713,0.0236658,0.109538,-0.0239301,0.993694
1714322808323664818,3.94148,-0.168724,-0.509938,-0.201205,3.97381,-0.166143,-0.0708903,Three,0.993974,-0.00108855,-0.109608,0.00370525,0.999713,0.0236724,0.109551,-0.0239359,0.993693
1714322808330302317,3.91337,-0.155822,-0.506921,-0.118801,3.94552,-0.153379,-0.071264,Three,0.993974,-0.00106296,-0.109611,0.00368181,0.999713,0.0236925,0.109554,-0.0239533,0.993692
1714322808338388608,3.86361,-0.139605,-0.501247,-0.0655122,3.89542,-0.137263,-0.0714241,Three,0.993973,-0.00105074,-0.109621,0.00367053,0.999712,0.0236995,0.109565,-0.0239591,0.993691
1714322808345482789,3.70711,-0.119524,-0.480929,0.0429363,3.73761,-0.117295,-0.0687952,Three,0.993971,-0.00104606,-0.109639,0.00366463,0.999713,0.0236847,0.109583,-0.0239437,0.993689
1714322808352734015,3.79935,-0.11251,-0.493335,0.179273,3.83065,-0.11018,-0.0712929,Three,0.993974,-0.00106185,-0.109611,0.00367922,0.999713,0.0236792,0.109555,-0.0239398,0.993692
1714322808404872589,3.94009,-0.0189228,-0.508662,-0.214729,3.97213,-0.0166132,-0.0729162,Three,0.993962,-0.00102276,-0.109718,0.00364683,0.999712,0.0237186,0.109662,-0.0239755,0.99368
1714322808417600052,3.9322,0.00538346,-0.505811,0.453741,3.96395,0.007881,-0.0714435,Three,0.99396,-0.00106178,-0.109741,0.00368722,0.999712,0.0237239,0.109684,-0.0239852,0.993677
1714322808424092504,4.03317,0.0151396,-0.518098,0.412443,4.06565,0.0177144,-0.0728178,Three,0.99396,-0.00106167,-0.109739,0.00368734,0.999712,0.0237263,0.109682,-0.0239876,0.993677
1714322808430422903,4.01374,0.0260295,-0.514758,0.515328,4.04596,0.0285158,-0.0718115,Three,0.993958,-0.00103818,-0.109758,0.00366413,0.999712,0.0237259,0.109702,-0.0239847,0.993675
1714322808437447146,3.98872,0.0370133,-0.510401,0.602484,4.0206,0.0393991,-0.0704752,Three,0.993957,-0.00101086,-0.109761,0.00363625,0.999712,0.0237215,0.109706,-0.0239773,0.993675
1714322808444003253,4.05883,0.0478441,-0.518418,0.651598,4.09115,0.0502948,-0.071034,Three,0.993958,-0.00101173,-0.109755,0.00363658,0.999712,0.0237179,0.1097,-0.0239738,0.993676
1714322808450767975,4.0907,0.0578868,-0.520853,0.720165,4.12309,0.0604498,-0.0702084,Three,0.993958,-0.00102571,-0.109753,0.00365091,0.999712,0.0237208,0.109697,-0.0239782,0.993676
1714322808450767975,4.05902,-0.307635,-0.523966,-0.674947,4.09231,-0.305156,-0.068012,Three,0.993958,-0.00102571,-0.109753,0.00365091,0.999712,0.0237208,0.109697,-0.0239782,0.993676
1714322808457558367,4.03006,-0.29232,-0.522283,-0.602413,4.06333,-0.28992,-0.0699267,Three,0.993959,-0.00102394,-0.109743,0.00364905,0.999712,0.0237224,0.109687,-0.0239796,0.993677
1714322808464182698,3.97721,-0.274923,-0.516148,-0.543442,4.01011,-0.272559,-0.0700639,Three,0.99396,-0.0010279,-0.109738,0.0036522,0.999712,0.0237158,0.109682,-0.0239733,0.993678
1714322808470937308,3.95141,-0.258818,-0.513902,-0.477575,3.98421,-0.256411,-0.0710558,Three,0.99396,-0.00105029,-0.109737,0.00367432,0.999712,0.0237125,0.109681,-0.0239724,0.993678
1714322808477687804,3.93401,-0.242387,-0.512955,-0.402153,3.9668,-0.240004,-0.072449,Three,0.993961,-0.00105562,-0.10973,0.00367762,0.999712,0.0236954,0.109674,-0.0239559,0.993679
1714322808484564307,3.87393,-0.222614,-0.505845,-0.349241,3.90627,-0.220304,-0.072465,Three,0.993961,-0.00105152,-0.109727,0.00367044,0.999713,0.0236683,0.109671,-0.0239281,0.99368
1714322808492353888,3.88217,-0.204192,-0.507627,-0.245871,3.91464,-0.201909,-0.0737889,Three,0.993962,-0.00104859,-0.109724,0.00366558,0.999714,0.0236517,0.109668,-0.023911,0.993681
1714322808498743192,3.84851,-0.186101,-0.503867,-0.190761,3.88074,-0.183983,-0.0742178,Three,0.993963,-0.001017,-0.109711,0.00363624,0.999713,0.0236764,0.109656,-0.0239324,0.993681
1714322808504311130,3.81516,-0.170081,-0.499628,-0.124521,3.84711,-0.168083,-0.0738804,Three,0.993958,-0.00099177,-0.109753,0.00361264,0.999713,0.0236834,0.109698,-0.0239368,0.993677
1714322808512129220,3.80163,-0.149013,-0.498457,-0.00168129,3.83352,-0.147094,-0.0746633,Three,0.993957,-0.000977215,-0.109765,0.00359479,0.999714,0.0236517,0.109711,-0.0239034,0.993676
1714322808518967379,3.75421,-0.128905,-0.492066,0.0712812,3.78565,-0.127065,-0.0741295,Three,0.993961,-0.000963672,-0.10973,0.00358009,0.999714,0.0236496,0.109676,-0.0238997,0.99368
1714322808525425100,3.74024,-0.112431,-0.490342,-0.0653058,3.77156,-0.1106,-0.0743104,Three,0.99396,-0.00096517,-0.109738,0.00358426,0.999713,0.0236721,0.109683,-0.0239224,0.993679
1714322808574704946,3.89324,0.0184582,-0.505774,0.247142,3.92521,0.0205047,-0.0761584,Three,0.993965,-0.000984387,-0.109697,0.00360431,0.999713,0.0236876,0.109642,-0.02394,0.993683
1714322808579384393,3.8842,0.0301566,-0.503378,0.33123,3.91595,0.0321758,-0.074953,Three,0.993962,-0.0009717,-0.109721,0.00359343,0.999713,0.0236993,0.109666,-0.0239505,0.99368
1714322808585297703,3.92549,0.0455717,-0.507381,0.387566,3.95741,0.0475341,-0.0748641,Three,0.993965,-0.00094547,-0.109697,0.00356657,0.999713,0.0237002,0.109643,-0.0239484,0.993682
1714322808592842418,3.88195,0.0630049,-0.500927,0.50623,3.91341,0.0648774,-0.0737251,Three,0.993967,-0.00092484,-0.109675,0.00354525,0.999713,0.0236998,0.109622,-0.0239456,0.993685
1714322808599455386,3.93319,0.0792178,-0.506136,0.562931,3.9649,0.081149,-0.073711,Three,0.993968,-0.000926442,-0.109666,0.00354697,0.999713,0.0237029,0.109612,-0.0239489,0.993686
1714322808606176106,3.97486,0.0948852,-0.509718,0.627252,4.00669,0.0968821,-0.0730821,Three,0.993968,-0.000928116,-0.109665,0.00354759,0.999713,0.0236935,0.109611,-0.0239397,0.993686
1714322808612863762,4.03703,0.110476,-0.516185,0.685855,4.06918,0.112535,-0.0730831,Three,0.993969,-0.00092812,-0.109661,0.00354808,0.999713,0.0236988,0.109607,-0.023945,0.993687
1714322808612863762,4.01845,-0.248093,-0.515506,-0.720673,4.05098,-0.245981,-0.0658589,Three,0.993969,-0.00092812,-0.109661,0.00354808,0.999713,0.0236988,0.109607,-0.023945,0.993687
1714322808619353632,4.04275,0.123404,-0.514826,0.760827,4.07471,0.125511,-0.0713696,Three,0.993967,-0.00092793,-0.109672,0.00354941,0.999713,0.02371,0.109619,-0.0239563,0.993685
1714322808619353632,4.002,-0.237496,-0.51455,-0.651244,4.03451,-0.235423,-0.066917,Three,0.993967,-0.00092793,-0.109672,0.00354941,0.999713,0.02371,0.109619,-0.0239563,0.993685
1714322808626051288,4.07104,-0.230966,-0.524405,-0.54937,4.10421,-0.228891,-0.069248,Three,0.993966,-0.000926184,-0.109683,0.00355018,0.999712,0.0237305,0.10963,-0.0239767,0.993683
1714322808633061403,3.96264,-0.213311,-0.511043,-0.505904,3.99499,-0.211261,-0.0683454,Three,0.993968,-0.000938954,-0.109666,0.0035636,0.999712,0.0237395,0.109612,-0.0239871,0.993685
1714322808639841581,3.98759,-0.202631,-0.515421,-0.416005,4.02025,-0.200597,-0.0703417,Three,0.993971,-0.000939797,-0.109635,0.00356334,0.999712,0.0237362,0.109582,-0.0239838,0.993688
1714322808646445842,3.9206,-0.187159,-0.507486,-0.362649,3.95278,-0.18519,-0.0701769,Three,0.993972,-0.00093768,-0.109633,0.00356229,0.999712,0.0237466,0.109579,-0.023994,0.993688
1714322808653125339,3.94077,-0.17522,-0.510739,-0.266296,3.97317,-0.173244,-0.071425,Three,0.99397,-0.000941435,-0.109648,0.00356789,0.999711,0.0237599,0.109594,-0.0240078,0.993687
1714322808659759938,3.91489,-0.16077,-0.507387,-0.191867,3.94707,-0.158736,-0.0712697,Three,0.99397,-0.000960351,-0.10965,0.00358716,0.999711,0.0237617,0.109595,-0.0240117,0.993686
1714322808666467929,3.88374,-0.145734,-0.504392,-0.122063,3.91577,-0.143661,-0.0720807,Three,0.99397,-0.000981876,-0.109648,0.00360786,0.999711,0.0237535,0.109593,-0.0240059,0.993687
1714322808672037001,3.85998,-0.133631,-0.501112,-0.0509479,3.89179,-0.131427,-0.0716374,Three,0.993968,-0.001018,-0.109668,0.00364392,0.999711,0.0237464,0.109613,-0.0240028,0.993685
1714322808679893725,3.82305,-0.116001,-0.496995,-0.0544374,3.85461,-0.11378,-0.0720963,Three,0.99397,-0.00103362,-0.109649,0.00365795,0.999712,0.0237355,0.109593,-0.0239935,0.993687
1714322808733743410,3.94055,-0.00105807,-0.508252,0.361652,3.97253,0.00124214,-0.0728332,Three,0.993961,-0.00101824,-0.109731,0.00364101,0.999712,0.0237041,0.109675,-0.0239605,0.993679
1714322808740423222,3.90384,0.0122372,-0.50304,0.471524,3.93545,0.0145899,-0.0718758,Three,0.993957,-0.0010346,-0.109762,0.00365953,0.999712,0.0237159,0.109706,-0.0239742,0.993675
1714322808746572707,3.93549,0.0243887,-0.506007,0.532569,3.96723,0.0267474,-0.0715422,Three,0.993955,-0.00102467,-0.109787,0.00364876,0.999712,0.0237033,0.109732,-0.0239606,0.993672
1714322808752629210,4.01477,0.0362434,-0.515226,0.578602,4.04703,0.0386543,-0.0723211,Three,0.993956,-0.00102091,-0.109779,0.00364326,0.999713,0.0236896,0.109723,-0.0239464,0.993674
1714322808758450959,4.01033,0.04654,-0.513683,0.653796,4.04243,0.0490064,-0.0716186,Three,0.993958,-0.0010306,-0.109755,0.00365052,0.999713,0.0236724,0.109699,-0.02393,0.993677
1714322808765164441,4.08235,0.0587343,-0.520847,0.718044,4.11479,0.0612714,-0.0712422,Three,0.993961,-0.00102622,-0.109727,0.00364301,0.999714,0.0236504,0.109671,-0.0239073,0.99368
1714322808765164441,4.0529,-0.304664,-0.520998,-0.702909,4.0859,-0.302134,-0.0659353,Three,0.993961,-0.00102622,-0.109727,0.00364301,0.999714,0.0236504,0.109671,-0.0239073,0.99368
1714322808772022450,4.07616,-0.290665,-0.52599,-0.606306,4.10956,-0.288176,-0.0685939,Three,0.993959,-0.001024,-0.10975,0.0036371,0.999715,0.023612,0.109695,-0.0238685,0.993679
1714322808778939923,3.99468,-0.268241,-0.517404,-0.540833,4.02762,-0.265691,-0.0695039,Three,0.993958,-0.00106358,-0.10976,0.0036744,0.999715,0.023587,0.109704,-0.0238478,0.993678
1714322808785824543,3.99103,-0.250297,-0.518068,-0.443353,4.02404,-0.247687,-0.0710912,Three,0.99396,-0.00108772,-0.109736,0.00369916,0.999715,0.0235968,0.109679,-0.0238602,0.993681
1714322808792709413,3.88899,-0.224905,-0.505768,-0.395892,3.92124,-0.222452,-0.0707118,Three,0.993962,-0.00107183,-0.109724,0.00368294,0.999715,0.0235972,0.109667,-0.0238588,0.993682
1714322808799337533,3.90726,-0.206856,-0.508739,-0.282075,3.93972,-0.204304,-0.0719917,Three,0.993959,-0.00109818,-0.10975,0.00370859,0.999715,0.0235837,0.109693,-0.0238482,0.993679
1714322808804651217,3.9027,-0.190736,-0.508748,-0.186029,3.93516,-0.188346,-0.073022,Three,0.993963,-0.00106352,-0.109714,0.00367397,0.999715,0.0235938,0.109658,-0.0238544,0.993683
1714322808812248043,3.867,-0.165626,-0.504951,-0.0865505,3.89923,-0.163188,-0.0736792,Three,0.99396,-0.00108783,-0.109736,0.00369849,0.999715,0.0235895,0.109679,-0.0238529,0.993681
1714322808819232766,3.79424,-0.140552,-0.496021,-0.0364896,3.8259,-0.138219,-0.0734289,Three,0.993961,-0.00107745,-0.109725,0.00368596,0.999715,0.0235731,0.109668,-0.0238352,0.993682
1714322808824638506,3.66999,-0.118098,-0.479611,0.00957952,3.70057,-0.1159,-0.0713503,Three,0.993963,-0.0010624,-0.109707,0.00367017,0.999715,0.0235711,0.109651,-0.0238315,0.993684
1714322808869074935,3.88044,0.016031,-0.503103,0.259074,3.91219,0.018648,-0.0750822,Three,0.993971,-0.00112526,-0.109641,0.00373278,0.999715,0.0235801,0.109583,-0.0238472,0.993692
1714322808875642647,3.88603,0.0352034,-0.502199,0.356528,3.91762,0.037874,-0.0740486,Three,0.993971,-0.00112953,-0.109635,0.00373613,0.999715,0.0235726,0.109577,-0.0238401,0.993692
1714322808882062921,3.80842,0.0517,-0.490322,-0.484685,3.83916,0.0543388,-0.0712425,Three,0.993974,-0.00112548,-0.10961,0.00373014,0.999715,0.023561,0.109552,-0.0238278,0.993695
1714322808888755554,3.92592,0.0717427,-0.5043,0.52302,3.95746,0.0744859,-0.0728045,Three,0.993976,-0.00112589,-0.109592,0.0037284,0.999716,0.0235452,0.109535,-0.023812,0.993698
1714322808895325545,3.95248,0.089022,-0.505911,0.600309,3.98402,0.0917747,-0.0718668,Three,0.993975,-0.00111368,-0.109602,0.00371497,0.999716,0.0235326,0.109545,-0.023798,0.993697
1714322808901898050,4.00342,0.105839,-0.510606,0.673776,4.03515,0.108621,-0.0713235,Three,0.993974,-0.00110221,-0.109609,0.00370197,0.999717,0.0235179,0.109552,-0.023782,0.993697
1714322808908733687,4.06335,0.122603,-0.515802,0.746779,4.09526,0.125502,-0.0703303,Three,0.993974,-0.00110754,-0.109606,0.00370644,0.999717,0.0235104,0.109549,-0.0237749,0.993697
1714322808908733687,4.03951,-0.23972,-0.519398,-0.615897,4.07237,-0.236891,-0.0678999,Three,0.993974,-0.00110754,-0.109606,0.00370644,0.999717,0.0235104,0.109549,-0.0237749,0.993697
1714322808916356915,3.96297,-0.221641,-0.510975,-0.545436,3.99534,-0.218966,-0.068303,Three,0.993973,-0.00109177,-0.109616,0.0036928,0.999716,0.0235284,0.109559,-0.0237914,0.993696
1714322808923125062,3.99941,-0.21037,-0.516693,-0.431028,4.03217,-0.207644,-0.0703793,Three,0.993977,-0.0011058,-0.109586,0.00370641,0.999716,0.0235303,0.109529,-0.0237947,0.993699
1714322808930480856,3.98805,-0.194615,-0.515921,-0.332131,4.02079,-0.191853,-0.0713651,Three,0.99398,-0.00112288,-0.109553,0.00372308,0.999716,0.0235329,0.109496,-0.0237991,0.993702
1714322808936989245,3.98425,-0.180202,-0.515739,-0.223105,4.01696,-0.177459,-0.0719476,Three,0.99398,-0.00112169,-0.109552,0.0037231,0.999716,0.0235442,0.109494,-0.0238103,0.993702
1714322808943787193,3.90948,-0.161836,-0.506791,-0.186598,3.94165,-0.159146,-0.0716628,Three,0.99398,-0.00112702,-0.109556,0.00372954,0.999716,0.0235532,0.109498,-0.02382,0.993702
1714322808950536374,3.87424,-0.144821,-0.502459,-0.0880907,3.90613,-0.142118,-0.071587,Three,0.993979,-0.00113909,-0.109565,0.00374256,0.999715,0.0235591,0.109507,-0.0238273,0.9937
1714322808957659317,3.6993,-0.120396,-0.479412,0.0156692,3.7297,-0.11775,-0.0683514,Three,0.993977,-0.00115541,-0.109584,0.00376135,0.999715,0.0235766,0.109526,-0.0238467,0.993698
1714322808964782376,3.86726,-0.112891,-0.501474,0.172783,3.89906,-0.110078,-0.0720217,Three,0.993976,-0.00117029,-0.109593,0.00377836,0.999715,0.0235932,0.109534,-0.0238651,0.993697
1714322809012971146,3.95529,0.0041143,-0.509025,0.441753,3.98725,0.00708486,-0.0725444,Three,0.993972,-0.00117796,-0.109626,0.00378223,0.999715,0.0235511,0.109567,-0.0238237,0.993694
1714322809019301376,3.98279,0.0151223,-0.511463,0.428125,4.01483,0.0181285,-0.0722383,Three,0.993973,-0.00117606,-0.10962,0.00377961,0.999716,0.0235459,0.109561,-0.0238183,0.993695
1714322809026439283,4.00762,0.0310432,-0.512646,0.559505,4.03963,0.0340678,-0.0711875,Three,0.993976,-0.00116604,-0.109592,0.00376884,0.999716,0.0235458,0.109533,-0.023817,0.993698
1714322809033016065,4.05912,0.0448891,-0.51786,0.637943,4.09137,0.0479999,-0.0711081,Three,0.993977,-0.00117073,-0.109579,0.00377193,0.999716,0.0235338,0.109521,-0.0238054,0.993699
1714322809040047557,4.09619,0.0581709,-0.520229,0.727697,4.12846,0.0613719,-0.0697122,Three,0.993977,-0.00117308,-0.109581,0.00377409,0.999716,0.0235316,0.109522,-0.0238034,0.993699
1714322809040047557,4.06695,-0.307483,-0.525856,-0.658754,4.10044,-0.304421,-0.069802,Three,0.993977,-0.00117308,-0.109581,0.00377409,0.999716,0.0235316,0.109522,-0.0238034,0.993699
1714322809048452642,4.03471,-0.283897,-0.523876,-0.546026,4.06814,-0.280988,-0.0719764,Three,0.993978,-0.00115542,-0.109569,0.00375514,0.999716,0.0235233,0.109511,-0.0237931,0.993701
1714322809055425964,3.95956,-0.258953,-0.515721,-0.46719,3.99251,-0.256243,-0.0727743,Three,0.993981,-0.00113052,-0.10955,0.00372884,0.999717,0.0235162,0.109492,-0.0237831,0.993703
1714322809072272201,3.89055,-0.203489,-0.509116,-0.228763,3.92313,-0.200878,-0.0752431,Three,0.993985,-0.00113615,-0.10951,0.00373334,0.999717,0.0235142,0.109453,-0.0237816,0.993707
1714322809078943901,3.87271,-0.180669,-0.506944,-0.0958257,3.90514,-0.177996,-0.0755205,Three,0.993983,-0.00115725,-0.109525,0.0037555,0.999716,0.0235195,0.109467,-0.0237893,0.993706
1714322809085207321,3.8185,-0.156913,-0.500376,-0.0225798,3.85051,-0.154233,-0.0755248,Three,0.993984,-0.00117395,-0.109517,0.00377226,0.999716,0.023521,0.109459,-0.0237926,0.993707
1714322809092417494,3.72603,-0.129514,-0.488232,-0.0690917,3.75724,-0.127043,-0.0742485,Three,0.993985,-0.00113775,-0.109511,0.00373804,0.999716,0.0235422,0.109453,-0.0238099,0.993707
1714322809099212653,3.83532,-0.110566,-0.502382,0.121631,3.86738,-0.108142,-0.076803,Three,0.993985,-0.00110784,-0.109509,0.0037103,0.999715,0.0235638,0.109452,-0.0238284,0.993706
1714322809133305526,3.90553,0.0115122,-0.507483,0.253256,3.93761,0.0142488,-0.0769236,Three,0.99398,-0.00116036,-0.109554,0.00376856,0.999714,0.0236034,0.109495,-0.0238742,0.993701
1714322809139930952,3.92605,0.0331637,-0.508265,0.311881,3.95806,0.0359923,-0.0760195,Three,0.993981,-0.0011708,-0.109542,0.00377996,0.999714,0.0236142,0.109483,-0.0238861,0.993702
1714322809147400779,3.82536,0.0542252,-0.492689,-0.5217,3.85624,0.0570495,-0.072185,Three,0.993985,-0.00117534,-0.109512,0.00378405,0.999714,0.0236164,0.109453,-0.0238888,0.993705
1714322809154030426,3.93244,0.0769065,-0.505515,0.556808,3.96405,0.0798136,-0.0738012,Three,0.993986,-0.00117208,-0.1095,0.00377882,0.999714,0.0236014,0.109441,-0.0238733,0.993707
1714322809160673039,4.00334,0.097326,-0.512962,0.630988,4.03532,0.100315,-0.073889,Three,0.993985,-0.00117086,-0.109509,0.00377797,0.999714,0.0236028,0.10945,-0.0238745,0.993705
1714322809160673039,4.12442,-0.263019,-0.52732,-0.753448,4.15767,-0.259808,-0.0663015,Three,0.993985,-0.00117086,-0.109509,0.00377797,0.999714,0.0236028,0.10945,-0.0238745,0.993705
1714322809167124132,4.05299,0.115798,-0.517521,0.713577,4.08515,0.118776,-0.0734153,Three,0.993985,-0.0011501,-0.109512,0.00375934,0.999714,0.0236225,0.109454,-0.0238921,0.993705
1714322809167124132,4.08545,-0.248952,-0.524061,-0.668912,4.11855,-0.245902,-0.0676467,Three,0.993985,-0.0011501,-0.109512,0.00375934,0.999714,0.0236225,0.109454,-0.0238921,0.993705
1714322809173748703,3.99495,-0.230397,-0.51345,-0.599441,4.02741,-0.227577,-0.0674149,Three,0.993984,-0.00111611,-0.109521,0.00372464,0.999714,0.0236159,0.109463,-0.0238818,0.993704
1714322809180577539,3.98587,-0.215482,-0.513207,-0.498441,4.01833,-0.212703,-0.0685266,Three,0.993984,-0.00111387,-0.109521,0.00372137,0.999714,0.0236068,0.109463,-0.0238724,0.993704
1714322809187874162,3.96241,-0.197989,-0.511728,-0.396429,3.99484,-0.195105,-0.0700957,Three,0.993985,-0.00115485,-0.109509,0.00376126,0.999714,0.0235973,0.10945,-0.0238673,0.993706
1714322809194822441,3.95963,-0.181344,-0.512145,-0.285551,3.99211,-0.17844,-0.0712195,Three,0.993985,-0.00116572,-0.109507,0.00377071,0.999715,0.0235841,0.109449,-0.0238552,0.993706
1714322809202481913,3.92265,-0.160535,-0.507788,-0.157815,3.95485,-0.157627,-0.0714294,Three,0.993985,-0.00117739,-0.109509,0.00378154,0.999715,0.0235756,0.10945,-0.0238479,0.993706
1714322809209201177,3.86979,-0.141156,-0.501886,-0.104095,3.90165,-0.138234,-0.0717592,Three,0.993983,-0.00119725,-0.109524,0.00379948,0.999715,0.0235539,0.109464,-0.0238283,0.993705
1714322809215967103,3.78606,-0.120119,-0.491186,-0.0145463,3.81722,-0.11727,-0.0707932,Three,0.993983,-0.00119696,-0.109524,0.00379837,0.999716,0.0235464,0.109465,-0.0238208,0.993705
1714322809261245303,3.94184,-0.00245465,-0.507448,0.358444,3.9737,0.000491965,-0.072828,Three,0.993987,-0.00117784,-0.109492,0.00377729,0.999716,0.0235365,0.109434,-0.0238085,0.993709
1714322809274951603,3.97018,0.0304333,-0.50828,0.562212,4.00192,0.0335619,-0.0713135,Three,0.993986,-0.00120357,-0.109499,0.00380246,0.999716,0.0235287,0.109439,-0.0238036,0.993708
1714322809279376898,4.03615,0.0407986,-0.515793,0.608263,4.06831,0.0438851,-0.0719157,Three,0.993989,-0.0011767,-0.109471,0.00377714,0.999716,0.0235502,0.109412,-0.0238222,0.993711
1714322809286137837,4.05835,0.0558445,-0.516992,0.707616,4.09048,0.0588475,-0.0711159,Three,0.993991,-0.00114452,-0.109452,0.00374669,0.999715,0.0235718,0.109394,-0.0238403,0.993713
1714322809286137837,4.07861,-0.310096,-0.523031,-0.717692,4.1117,-0.307055,-0.0661756,Three,0.993991,-0.00114452,-0.109452,0.00374669,0.999715,0.0235718,0.109394,-0.0238403,0.993713
1714322809294202996,3.99835,-0.282156,-0.514515,-0.611834,4.03096,-0.279217,-0.0672162,Three,0.993993,-0.00114617,-0.109439,0.0037467,0.999715,0.0235597,0.109381,-0.0238282,0.993714
1714322809300952490,3.95284,-0.258685,-0.510628,-0.517748,3.98527,-0.255793,-0.0688972,Three,0.993993,-0.00115566,-0.109438,0.00375573,0.999715,0.0235552,0.109379,-0.0238248,0.993715
1714322809307973063,3.93837,-0.234899,-0.509856,-0.405024,3.97078,-0.232093,-0.0703014,Three,0.993994,-0.00114537,-0.109431,0.00374682,0.999715,0.02357,0.109373,-0.0238384,0.993715
1714322809314792590,3.91857,-0.210255,-0.508338,-0.292023,3.9509,-0.207535,-0.0715863,Three,0.993995,-0.00113517,-0.109421,0.0037362,0.999715,0.0235689,0.109363,-0.0238362,0.993716
1714322809322457463,3.86865,-0.180443,-0.502044,-0.185607,3.90056,-0.177667,-0.0715766,Three,0.993997,-0.00116196,-0.109403,0.00376126,0.999715,0.0235557,0.109344,-0.0238258,0.993718
1714322809329210057,3.82374,-0.152641,-0.49723,0.140179,3.85536,-0.149807,-0.0724254,Three,0.993998,-0.0011937,-0.109388,0.00379352,0.999715,0.023562,0.109329,-0.0238355,0.99372
1714322809335925264,3.66807,-0.120072,-0.477315,0.0080127,3.69842,-0.117303,-0.0704215,Three,0.993998,-0.00121132,-0.109391,0.00381024,0.999715,0.0235522,0.109331,-0.0238276,0.99372
1714322809363457606,3.7801,-0.0209563,-0.490006,0.176861,3.81104,-0.017916,-0.0728414,Three,0.993989,-0.00125281,-0.109472,0.00384366,0.999717,0.023459,0.109412,-0.0237387,0.993713
1714322809369989688,3.84399,0.00287367,-0.497003,0.233221,3.87529,0.00615554,-0.0732675,Three,0.993986,-0.00129498,-0.109499,0.00388471,0.999718,0.0234407,0.109438,-0.0237251,0.99371
1714322809377347381,3.88005,0.0292505,-0.500004,0.337087,3.91142,0.0326359,-0.0728719,Three,0.993984,-0.00130476,-0.109514,0.0038922,0.999718,0.0234162,0.109452,-0.0237016,0.993709
1714322809384426970,3.87403,0.0537757,-0.49671,0.454899,3.90505,0.0572296,-0.0707808,Three,0.993983,-0.00130983,-0.109529,0.00389683,0.999718,0.0234087,0.109467,-0.0236946,0.993708
1714322809391633414,3.99149,0.0792122,-0.510696,0.528981,4.02331,0.0827926,-0.0723184,Three,0.99398,-0.00131021,-0.109555,0.00389904,0.999718,0.0234197,0.109493,-0.0237058,0.993705
1714322809399309113,4.01592,0.102742,-0.511335,0.656463,4.04763,0.106424,-0.070864,Three,0.993981,-0.00131735,-0.109548,0.00390662,0.999718,0.0234246,0.109487,-0.0237115,0.993705
1714322809405850188,4.09822,0.123285,-0.519593,0.741226,4.13031,0.127126,-0.0705814,Three,0.993982,-0.00132642,-0.10954,0.00391458,0.999718,0.0234159,0.109478,-0.0237038,0.993707
1714322809405850188,4.06599,-0.241648,-0.521012,-0.606602,4.09891,-0.237863,-0.0668701,Three,0.993982,-0.00132642,-0.10954,0.00391458,0.999718,0.0234159,0.109478,-0.0237038,0.993707
1714322809412731976,4.02479,-0.22397,-0.516904,-0.508974,4.05748,-0.22028,-0.0677,Three,0.993981,-0.00132017,-0.109544,0.00390791,0.999718,0.0234115,0.109482,-0.0236986,0.993706
1714322809419454390,3.99813,-0.206068,-0.514546,-0.397514,4.0307,-0.202412,-0.068734,Three,0.993982,-0.00132506,-0.109536,0.00391159,0.999718,0.023402,0.109474,-0.0236896,0.993707
1714322809426713741,3.9555,-0.185188,-0.510551,-0.286918,3.98786,-0.18169,-0.0700128,Three,0.993984,-0.0013057,-0.109514,0.00389144,0.999719,0.0234006,0.109453,-0.023686,0.99371
1714322809433626211,3.94204,-0.165711,-0.510064,-0.157982,3.9744,-0.162443,-0.0714432,Three,0.993984,-0.00125911,-0.109519,0.00384311,0.999719,0.0233862,0.109459,-0.0236664,0.99371
1714322809439524243,3.897,-0.147102,-0.505323,-0.0752005,3.92909,-0.143933,-0.0719976,Three,0.993981,-0.00125062,-0.109545,0.00383556,0.999719,0.0233895,0.109485,-0.0236689,0.993707
1714322809445503414,3.71018,-0.121491,-0.482077,-0.0156464,3.74081,-0.118402,-0.0698994,Three,0.993979,-0.00127674,-0.109562,0.0038613,0.999719,0.0233811,0.109501,-0.0236634,0.993705
1714322809451124039,3.86795,-0.11397,-0.502985,0.11996,3.89992,-0.11073,-0.0735317,Three,0.993978,-0.00128505,-0.109573,0.00387,0.999719,0.0233817,0.109513,-0.0236649,0.993704
1714322809493201960,3.94972,0.00605702,-0.507596,0.450906,3.98155,0.009488,-0.071881,Three,0.993975,-0.00128843,-0.109603,0.00387495,0.999719,0.0233892,0.109542,-0.023673,0.9937
1714322809499485485,4.01163,0.0208996,-0.514584,0.50718,4.04383,0.0243717,-0.0724101,Three,0.993975,-0.00128094,-0.109599,0.00386817,0.999719,0.0233969,0.109538,-0.0236799,0.9937
1714322809505678796,4.0188,0.0351661,-0.513286,0.612539,4.05079,0.0387086,-0.0707247,Three,0.993976,-0.00128533,-0.109586,0.00387265,0.999719,0.0234003,0.109526,-0.0236838,0.993702
1714322809512247430,4.10208,0.0496218,-0.521943,0.695889,4.13451,0.0532623,-0.0705208,Three,0.993976,-0.00128084,-0.109593,0.00386816,0.999719,0.0233991,0.109532,-0.0236821,0.993701
1714322809512247430,4.06475,-0.317189,-0.523905,-0.689923,4.09809,-0.313635,-0.0678729,Three,0.993976,-0.00128084,-0.109593,0.00386816,0.999719,0.0233991,0.109532,-0.0236821,0.993701
1714322809519414953,4.02221,-0.294449,-0.519653,-0.583197,4.05529,-0.291136,-0.0687628,Three,0.993974,-0.00123856,-0.109612,0.00382708,0.999719,0.0234081,0.109552,-0.0236865,0.993699
1714322809525434513,3.98377,-0.273678,-0.515804,-0.490787,4.01664,-0.270503,-0.0696383,Three,0.993974,-0.00122025,-0.109611,0.00381057,0.999718,0.0234256,0.109552,-0.0237021,0.993698
1714322809531144880,3.98219,-0.255844,-0.51687,-0.387097,4.01516,-0.252763,-0.0712688,Three,0.993973,-0.00120619,-0.109616,0.003799,0.999718,0.0234479,0.109556,-0.023723,0.993697
1714322809537012451,3.94169,-0.233664,-0.512642,-0.292783,3.97441,-0.230711,-0.0719568,Three,0.993971,-0.00118924,-0.109633,0.00378378,0.999718,0.0234607,0.109574,-0.0237341,0.993695
1714322809543741045,3.89968,-0.208025,-0.508155,-0.164923,3.93213,-0.20514,-0.0727012,Three,0.993971,-0.00118734,-0.109634,0.00378323,0.999717,0.0234727,0.109575,-0.023746,0.993695
1714322809550359584,3.86203,-0.182993,-0.504329,-0.0535607,3.89426,-0.180165,-0.0736728,Three,0.993973,-0.00118874,-0.109621,0.00378506,0.999717,0.0234796,0.109562,-0.023753,0.993696
1714322809556732799,3.77647,-0.156572,-0.494317,0.109621,3.80808,-0.153897,-0.0737377,Three,0.993973,-0.00117379,-0.109617,0.00376927,0.999717,0.0234735,0.109559,-0.0237452,0.993697
1714322809603554626,3.96615,0.00602501,-0.514939,0.379983,3.99868,0.00908514,-0.0773223,Three,0.993973,-0.00122394,-0.109615,0.00381983,0.999717,0.023475,0.109556,-0.0237522,0.993697
1714322809609904772,3.82641,0.0221951,-0.494606,-0.52159,3.85754,0.0252502,-0.0727734,Three,0.993972,-0.00123809,-0.109625,0.00383337,0.999717,0.0234665,0.109565,-0.0237453,0.993696
1714322809616263645,3.93793,0.0425061,-0.507466,0.576737,3.96978,0.0457232,-0.0738357,Three,0.993973,-0.00124867,-0.10962,0.0038431,0.999717,0.0234593,0.10956,-0.0237392,0.993697
1714322809622896689,4.05313,0.0616461,-0.519301,0.64782,4.08555,0.0650131,-0.0734337,Three,0.993973,-0.00124633,-0.109619,0.00384076,0.999717,0.0234596,0.109559,-0.0237393,0.993697
