t,x,y,z,odom_yaw,cx,cy,cz,label,rot1,rot2,rot3,rot4,rot5,rot6,rot7,rot8,rot9
1714313239534374433,3.5779,-0.98845,-0.488012,0.199157,3.7416,0.118578,-0.054207,Three,0.94817,-0.295373,-0.117167,0.301205,0.952908,0.0352492,0.101238,-0.0687135,0.992486
1714313239541252604,3.58028,-0.989145,-0.488655,0.202452,3.74413,0.118643,-0.0544782,Three,0.948165,-0.295381,-0.117188,0.301212,0.952906,0.0352294,0.101263,-0.0687017,0.992485
1714313239546878495,3.57907,-0.988732,-0.488352,0.194906,3.74284,0.118593,-0.0542439,Three,0.94817,-0.295356,-0.11721,0.30119,0.952912,0.0352476,0.10128,-0.0687231,0.992481
1714313239552497197,3.58093,-0.989209,-0.488578,0.199297,3.74477,0.118652,-0.0542681,Three,0.948174,-0.295346,-0.117203,0.301179,0.952916,0.0352391,0.101277,-0.068712,0.992483
1714313239558090109,3.58093,-0.989284,-0.488826,0.204802,3.74481,0.118624,-0.0545043,Three,0.94817,-0.29536,-0.117205,0.301191,0.952913,0.035225,0.101282,-0.0687003,0.992483
1714313239563873775,3.58007,-0.989121,-0.488474,0.200279,3.74391,0.118608,-0.0542373,Three,0.948163,-0.295378,-0.11721,0.301211,0.952906,0.0352329,0.101283,-0.0687114,0.992482
1714313239569523279,3.57875,-0.988705,-0.488433,0.199437,3.74253,0.118574,-0.0542381,Three,0.948163,-0.295368,-0.117242,0.301204,0.952908,0.0352432,0.101311,-0.0687301,0.992478
1714313239575026329,3.58138,-0.989369,-0.489043,0.202091,3.7453,0.118656,-0.0545159,Three,0.948167,-0.295353,-0.117246,0.301192,0.952911,0.0352708,0.101308,-0.0687563,0.992476
1714313239582158811,3.5802,-0.98915,-0.488659,0.195764,3.74407,0.118583,-0.0542555,Three,0.948161,-0.295369,-0.117252,0.301212,0.952904,0.0353025,0.101302,-0.06879,0.992475
1714313239587910053,3.57976,-0.989035,-0.488726,0.199117,3.74363,0.118596,-0.0542499,Three,0.948155,-0.295376,-0.117285,0.301221,0.952901,0.0352965,0.101335,-0.0687952,0.992471
1714313239594341175,3.58018,-0.989217,-0.488952,0.197351,3.7441,0.118593,-0.0542558,Three,0.948146,-0.295386,-0.117328,0.301232,0.952898,0.035279,0.101381,-0.0687927,0.992466
1714313239600248670,3.5792,-0.989067,-0.488862,0.197106,3.74311,0.118577,-0.0542422,Three,0.948134,-0.29542,-0.117338,0.301265,0.952888,0.0352603,0.101393,-0.0687813,0.992466
1714313239605997359,3.58041,-0.989408,-0.489035,0.198517,3.74439,0.118603,-0.05426,Three,0.948135,-0.295417,-0.11734,0.301261,0.95289,0.0352543,0.101397,-0.0687757,0.992466
1714313239611692330,3.5801,-0.989237,-0.489037,0.199896,3.74404,0.118614,-0.0542565,Three,0.948138,-0.295402,-0.117352,0.301247,0.952894,0.0352526,0.10141,-0.0687763,0.992464
1714313239617334679,3.57949,-0.98906,-0.489009,0.199242,3.74341,0.118586,-0.0542337,Three,0.948138,-0.295396,-0.11737,0.301242,0.952896,0.0352509,0.101428,-0.0687795,0.992462
1714313239623034114,3.57953,-0.989009,-0.489037,0.198613,3.74343,0.1186,-0.0542315,Three,0.948141,-0.295385,-0.117377,0.30123,0.9529,0.0352429,0.101439,-0.0687728,0.992462
1714313239629971637,3.58089,-0.989339,-0.489213,0.201285,3.74485,0.118671,-0.0542725,Three,0.948143,-0.29538,-0.11737,0.301224,0.952902,0.0352364,0.101434,-0.0687637,0.992463
1714313239636580955,3.58037,-0.989275,-0.489381,0.203888,3.74435,0.118611,-0.054517,Three,0.94814,-0.295391,-0.117364,0.301235,0.952899,0.0352344,0.101428,-0.0687615,0.992464
1714313239643428209,3.57857,-0.988791,-0.488906,0.198118,3.74245,0.118574,-0.0542368,Three,0.948137,-0.295397,-0.117371,0.30124,0.952898,0.0352139,0.10144,-0.0687443,0.992464
1714313239650459826,3.58153,-0.98966,-0.489553,0.207173,3.74559,0.118654,-0.0545357,Three,0.948135,-0.295407,-0.117366,0.301248,0.952896,0.0351989,0.10144,-0.0687295,0.992465
1714313239657237567,3.58031,-0.989201,-0.489109,0.199574,3.74424,0.118648,-0.0542437,Three,0.948142,-0.295384,-0.117367,0.301226,0.952903,0.0352082,0.10144,-0.0687365,0.992464
1714313239664063363,3.58117,-0.989389,-0.489503,0.205476,3.74516,0.118673,-0.0544949,Three,0.948144,-0.295373,-0.117378,0.301217,0.952905,0.035225,0.101446,-0.0687547,0.992462
1714313239671107467,3.58018,-0.989172,-0.489039,0.200394,3.7441,0.118649,-0.0542594,Three,0.948143,-0.295388,-0.11735,0.301231,0.9529,0.0352328,0.101415,-0.0687551,0.992465
1714313239677903920,3.58079,-0.989386,-0.489085,0.197304,3.74475,0.118683,-0.0542363,Three,0.948139,-0.295402,-0.117348,0.301246,0.952895,0.0352387,0.101411,-0.0687618,0.992465
1714313239684783756,3.58001,-0.989201,-0.48895,0.195978,3.74393,0.118622,-0.0542589,Three,0.948141,-0.295402,-0.117331,0.301244,0.952896,0.0352328,0.101396,-0.0687509,0.992468
1714313239691598026,3.57951,-0.988986,-0.488952,0.196205,3.7434,0.118616,-0.0542512,Three,0.948144,-0.295386,-0.11735,0.301227,0.952902,0.0352206,0.101419,-0.0687431,0.992466
1714313239698457625,3.57958,-0.989041,-0.489273,0.207854,3.74352,0.118629,-0.0545071,Three,0.948138,-0.295399,-0.117364,0.30124,0.952898,0.0352127,0.101434,-0.0687412,0.992464
1714313239705509715,3.57805,-0.988742,-0.4888,0.198655,3.74192,0.11857,-0.0542301,Three,0.94813,-0.295424,-0.117361,0.301266,0.95289,0.0352127,0.101429,-0.068743,0.992465
1714313239712207687,3.57993,-0.989188,-0.488996,0.201325,3.74386,0.118657,-0.0542579,Three,0.948135,-0.295414,-0.117346,0.301256,0.952893,0.0352255,0.101412,-0.0687496,0.992466
1714313239718057487,3.57933,-0.989126,-0.489132,0.200402,3.74328,0.118618,-0.0544844,Three,0.948129,-0.295436,-0.11734,0.301278,0.952885,0.0352313,0.101403,-0.0687559,0.992467
1714313239723622382,3.58181,-0.989855,-0.489132,0.199276,3.74585,0.118707,-0.0542685,Three,0.948128,-0.295447,-0.117318,0.301289,0.952881,0.0352448,0.101377,-0.0687632,0.992469
1714313239729357939,3.58376,-0.990382,-0.489627,0.208049,3.74791,0.1188,-0.0545756,Three,0.948128,-0.295454,-0.117305,0.301296,0.952879,0.0352443,0.101365,-0.0687597,0.99247
1714313239735039236,3.58271,-0.990085,-0.489479,0.209492,3.74681,0.118754,-0.0545375,Three,0.948129,-0.29545,-0.11731,0.30129,0.952881,0.0352345,0.101372,-0.0687511,0.99247
1714313239741281901,3.58106,-0.989625,-0.489045,0.196107,3.74506,0.118677,-0.0542768,Three,0.94813,-0.295441,-0.117317,0.301284,0.952883,0.0352508,0.101375,-0.0687682,0.992469
1714313239747101927,3.58054,-0.989465,-0.489035,0.201342,3.74452,0.118667,-0.0542685,Three,0.948129,-0.295438,-0.117334,0.301282,0.952883,0.0352566,0.101389,-0.0687784,0.992466
1714313239752834736,3.58065,-0.989424,-0.489047,0.20364,3.74462,0.118714,-0.0542537,Three,0.948131,-0.295431,-0.117339,0.301276,0.952885,0.0352573,0.101394,-0.0687798,0.992466
1714313239758590135,3.58027,-0.98929,-0.488985,0.19843,3.74421,0.11872,-0.0542491,Three,0.948132,-0.295429,-0.117336,0.301273,0.952886,0.0352577,0.101392,-0.0687791,0.992466
1714313239764173805,3.58247,-0.989752,-0.489544,0.21936,3.7465,0.118893,-0.0545251,Three,0.948133,-0.295421,-0.117342,0.301267,0.952888,0.0352646,0.101396,-0.0687869,0.992465
1714313239769674369,3.57643,-0.987757,-0.488609,0.323174,3.74007,0.119004,-0.0543473,Three,0.948134,-0.295421,-0.117343,0.301268,0.952886,0.0352847,0.101391,-0.0688063,0.992464
1714313239775405609,3.57384,-0.986952,-0.488155,0.217277,3.73733,0.118986,-0.054177,Three,0.948134,-0.295415,-0.117353,0.301265,0.952887,0.0353013,0.101396,-0.0688247,0.992463
1714313239781252681,3.57349,-0.986672,-0.48803,0.211275,3.7369,0.119125,-0.0541482,Three,0.948138,-0.295408,-0.117342,0.301257,0.952889,0.0352959,0.101387,-0.0688154,0.992464
1714313239787604555,3.57259,-0.986087,-0.487807,0.219573,3.73585,0.119399,-0.0541199,Three,0.948141,-0.295404,-0.117325,0.301252,0.952891,0.0352973,0.101371,-0.0688112,0.992466
1714313239794830316,3.57784,-0.987167,-0.488575,0.211962,3.74123,0.119896,-0.0542219,Three,0.948141,-0.295397,-0.11734,0.301249,0.952891,0.0353329,0.101375,-0.0688493,0.992463
1714313239802255023,3.58584,-0.988896,-0.489854,0.216873,3.74948,0.120614,-0.0545915,Three,0.948142,-0.295397,-0.117333,0.301251,0.952889,0.0353561,0.101361,-0.0688694,0.992463
1714313239809237326,3.58099,-0.986869,-0.48923,0.317278,3.74421,0.121144,-0.0546551,Three,0.94814,-0.295408,-0.117319,0.30126,0.952887,0.035339,0.101353,-0.06885,0.992465
1714313239816279209,3.56909,-0.983046,-0.487097,0.211866,3.73154,0.121294,-0.0541034,Three,0.948142,-0.295414,-0.117293,0.301262,0.952887,0.0353201,0.101333,-0.0688244,0.992469
1714313239822958161,3.57464,-0.983944,-0.487987,0.195178,3.73717,0.121953,-0.0543948,Three,0.948153,-0.295383,-0.117284,0.30123,0.952897,0.0353255,0.101325,-0.0688234,0.99247
1714313239829608111,3.5815,-0.985037,-0.489188,0.206323,3.74415,0.122875,-0.0547871,Three,0.948157,-0.295366,-0.117291,0.301215,0.952901,0.0353352,0.10133,-0.0688332,0.992469
1714313239836342316,3.56666,-0.980146,-0.487111,0.192393,3.72839,0.123105,-0.0545126,Three,0.948158,-0.295357,-0.117306,0.301208,0.952903,0.0353483,0.10134,-0.0688492,0.992467
1714313239843710705,3.58208,-0.983626,-0.488981,0.220881,3.74426,0.124408,-0.0545226,Three,0.948153,-0.295367,-0.117318,0.301219,0.952899,0.0353508,0.10135,-0.0688563,0.992465
1714313239850496971,3.58007,-0.98238,-0.488702,0.200258,3.74195,0.125029,-0.0544864,Three,0.94815,-0.295373,-0.117331,0.301227,0.952897,0.0353557,0.101361,-0.0688658,0.992463
1714313239857263038,3.5772,-0.9809,-0.488289,0.214395,3.73874,0.125624,-0.0544491,Three,0.948147,-0.295381,-0.117336,0.301232,0.952896,0.0353239,0.101375,-0.0688375,0.992464
1714313239862959828,3.57824,-0.980495,-0.488162,0.214177,3.7396,0.1263,-0.0542231,Three,0.948149,-0.295373,-0.117341,0.301223,0.9529,0.0353097,0.101384,-0.0688246,0.992464
1714313239869186856,3.57922,-0.980126,-0.488628,0.196175,3.74047,0.126903,-0.0544721,Three,0.948147,-0.295364,-0.117378,0.301218,0.952901,0.0353205,0.101417,-0.0688454,0.992459
1714313239875900716,3.57269,-0.97756,-0.487822,0.215347,3.73343,0.127409,-0.0543957,Three,0.948144,-0.295362,-0.117409,0.301219,0.9529,0.0353367,0.101442,-0.0688701,0.992455
1714313239882726950,3.57339,-0.977171,-0.487588,0.209101,3.73396,0.127986,-0.0541123,Three,0.948144,-0.295359,-0.117411,0.301218,0.9529,0.0353561,0.101439,-0.0688891,0.992454
1714313239889739366,3.5827,-0.979105,-0.488869,0.214202,3.7435,0.128847,-0.0542924,Three,0.948148,-0.295345,-0.117415,0.301207,0.952902,0.0353811,0.101436,-0.0689129,0.992452
1714313239896646182,3.57913,-0.977601,-0.488586,0.190773,3.73965,0.129155,-0.05445,Three,0.948152,-0.295329,-0.117422,0.301193,0.952906,0.0353923,0.10144,-0.068924,0.992451
1714313239903433154,3.57226,-0.975218,-0.487511,0.209188,3.7323,0.12942,-0.0543402,Three,0.948153,-0.295338,-0.117397,0.301199,0.952905,0.0353827,0.101418,-0.068908,0.992455
1714313239910235505,3.56754,-0.973601,-0.486662,0.20179,3.72724,0.129505,-0.054263,Three,0.948163,-0.295325,-0.11735,0.301183,0.952909,0.0353917,0.101372,-0.0689009,0.99246
1714313239917250123,3.56861,-0.973588,-0.486504,0.204475,3.72824,0.129814,-0.0540239,Three,0.948166,-0.295317,-0.117343,0.301176,0.952911,0.0353978,0.101364,-0.0689039,0.99246
1714313239924421981,3.57446,-0.975091,-0.487648,0.214876,3.73437,0.130189,-0.0543806,Three,0.948157,-0.295337,-0.117366,0.301198,0.952904,0.0354061,0.101382,-0.0689209,0.992457
1714313239931446916,3.57606,-0.975449,-0.487542,0.206372,3.73598,0.130328,-0.0541317,Three,0.948158,-0.295337,-0.117355,0.301199,0.952903,0.0354229,0.101366,-0.0689337,0.992458
1714313239938208998,3.57762,-0.975695,-0.487684,0.209127,3.73754,0.130401,-0.0541551,Three,0.948173,-0.295298,-0.117337,0.301157,0.952917,0.0354042,0.101358,-0.0689062,0.992461
1714313239944811440,3.57509,-0.974973,-0.487373,0.206341,3.7349,0.130341,-0.0541386,Three,0.948172,-0.295298,-0.11734,0.301154,0.952919,0.0353782,0.101369,-0.0688822,0.992461
1714313239951629010,3.57722,-0.975613,-0.487875,0.218613,3.73716,0.130376,-0.0544278,Three,0.948172,-0.295304,-0.117326,0.301157,0.952919,0.0353602,0.10136,-0.0688612,0.992464
1714313239958746251,3.57277,-0.974544,-0.487402,0.197857,3.73257,0.130149,-0.0545869,Three,0.948169,-0.295325,-0.117299,0.301176,0.952913,0.0353447,0.101338,-0.0688403,0.992467
1714313239965377930,3.57091,-0.974186,-0.487162,0.197724,3.73067,0.130047,-0.054589,Three,0.948161,-0.295354,-0.117293,0.301204,0.952905,0.0353428,0.10133,-0.0688396,0.992468
1714313239972532063,3.57055,-0.974242,-0.48708,0.203864,3.73032,0.13001,-0.0546136,Three,0.948153,-0.295387,-0.117275,0.301235,0.952895,0.0353362,0.101312,-0.0688313,0.992471
1714313239979207494,3.56815,-0.97375,-0.486762,0.196859,3.72787,0.129805,-0.0545391,Three,0.948149,-0.295396,-0.117284,0.301245,0.952892,0.0353388,0.10132,-0.0688377,0.992469
1714313239986167420,3.56415,-0.972705,-0.485972,0.191331,3.72367,0.129594,-0.0542395,Three,0.948151,-0.295388,-0.117283,0.301238,0.952893,0.0353503,0.101316,-0.0688475,0.992469
1714313239993378876,3.56898,-0.974001,-0.486964,0.204247,3.72876,0.129671,-0.0545269,Three,0.948157,-0.295358,-0.117313,0.30121,0.952902,0.0353505,0.101347,-0.0688537,0.992466
1714313240000487163,3.56707,-0.973593,-0.486668,0.195821,3.72679,0.129501,-0.0544699,Three,0.948157,-0.29536,-0.117309,0.301213,0.952901,0.0353532,0.101342,-0.0688554,0.992466
1714313240007511167,3.56571,-0.973387,-0.486516,0.18924,3.72542,0.129407,-0.0545239,Three,0.948149,-0.29539,-0.117296,0.30124,0.952893,0.0353414,0.101331,-0.0688432,0.992468
1714313240014267066,3.56794,-0.973949,-0.486877,0.196892,3.72774,0.129488,-0.0545775,Three,0.948151,-0.295379,-0.117306,0.301229,0.952897,0.0353358,0.101343,-0.0688396,0.992467
1714313240021537506,3.56726,-0.973713,-0.486822,0.190997,3.72702,0.129472,-0.0545494,Three,0.948153,-0.295367,-0.11732,0.301216,0.952902,0.0353105,0.101365,-0.0688185,0.992466
1714313240028269913,3.56811,-0.973816,-0.48692,0.19582,3.72787,0.129596,-0.0545663,Three,0.948156,-0.29536,-0.117316,0.301207,0.952905,0.0353014,0.101365,-0.0688078,0.992467
1714313240035046363,3.56899,-0.97394,-0.486996,0.201195,3.72876,0.129677,-0.0545809,Three,0.948162,-0.295344,-0.117306,0.301191,0.95291,0.0353083,0.101354,-0.0688095,0.992468
1714313240042051462,3.57158,-0.974555,-0.487063,0.220253,3.7314,0.129863,-0.054371,Three,0.948163,-0.295343,-0.117298,0.30119,0.95291,0.035311,0.101346,-0.0688097,0.992469
1714313240049179752,3.56715,-0.973331,-0.486718,0.194909,3.7268,0.129739,-0.0545231,Three,0.94816,-0.29535,-0.117309,0.301198,0.952908,0.0353111,0.101355,-0.0688137,0.992468
1714313240055869428,3.57292,-0.974883,-0.487207,0.221129,3.73278,0.130021,-0.0543369,Three,0.948157,-0.295362,-0.117304,0.301209,0.952904,0.0353157,0.101349,-0.0688179,0.992468
1714313240062727345,3.57522,-0.975532,-0.487537,0.219804,3.73519,0.130172,-0.0543764,Three,0.948149,-0.295384,-0.117308,0.301233,0.952896,0.0353206,0.101349,-0.0688263,0.992467
1714313240069411742,3.57407,-0.97518,-0.487303,0.218817,3.73397,0.130161,-0.0543605,Three,0.948152,-0.295383,-0.117288,0.301233,0.952895,0.0353427,0.101324,-0.0688414,0.992469
1714313240076187585,3.57494,-0.975308,-0.48744,0.21772,3.73485,0.130233,-0.0543882,Three,0.948157,-0.295367,-0.117292,0.301218,0.952899,0.0353565,0.101324,-0.0688539,0.992468
1714313240083266883,3.57334,-0.975011,-0.486996,0.207377,3.73318,0.130176,-0.0541177,Three,0.948146,-0.295399,-0.117296,0.30125,0.95289,0.0353453,0.101329,-0.0688479,0.992468
1714313240089947185,3.57267,-0.974832,-0.487336,0.205946,3.73254,0.130124,-0.0545855,Three,0.948148,-0.295398,-0.117282,0.301248,0.952891,0.035348,0.101315,-0.0688462,0.992469
1714313240096849986,3.57484,-0.975322,-0.487332,0.217185,3.73474,0.130229,-0.054387,Three,0.948156,-0.295378,-0.117267,0.301229,0.952895,0.0353709,0.101295,-0.0688613,0.99247
1714313240103844126,3.57414,-0.975121,-0.487312,0.225546,3.73402,0.130151,-0.0543844,Three,0.948159,-0.295362,-0.117285,0.301217,0.952898,0.0354025,0.101304,-0.0688955,0.992467
1714313240109555721,3.57383,-0.974978,-0.487341,0.218138,3.73369,0.130124,-0.0543896,Three,0.948163,-0.295344,-0.117302,0.301202,0.952903,0.0354156,0.101318,-0.0689114,0.992465
1714313240116269347,3.57015,-0.973971,-0.487115,0.206007,3.72988,0.129888,-0.054569,Three,0.948169,-0.295319,-0.117312,0.30118,0.952908,0.0354425,0.101321,-0.0689375,0.992462
1714313240121957799,3.5701,-0.973901,-0.487166,0.207713,3.72982,0.129877,-0.0545673,Three,0.948172,-0.295302,-0.117328,0.301166,0.952913,0.0354525,0.101335,-0.0689504,0.99246
1714313240128100968,3.56933,-0.973782,-0.487064,0.20571,3.72904,0.129817,-0.0545662,Three,0.948168,-0.295316,-0.117325,0.301179,0.952909,0.0354431,0.101333,-0.0689418,0.992461
1714313240135080814,3.56889,-0.973878,-0.486897,0.200157,3.72863,0.129727,-0.0545846,Three,0.948162,-0.295352,-0.117288,0.301214,0.952897,0.0354576,0.101291,-0.0689483,0.992465
1714313240141833342,3.57134,-0.974558,-0.487113,0.202621,3.73117,0.129815,-0.0545991,Three,0.948164,-0.295356,-0.117263,0.301217,0.952895,0.0354751,0.101262,-0.0689579,0.992467
1714313240149209258,3.56789,-0.973478,-0.48643,0.194084,3.72751,0.129802,-0.054294,Three,0.948165,-0.295347,-0.117276,0.301208,0.952899,0.0354615,0.101279,-0.0689478,0.992466
1714313240156136217,3.57306,-0.974753,-0.487481,0.205644,3.73291,0.130163,-0.0546425,Three,0.948158,-0.29536,-0.117298,0.301221,0.952895,0.0354452,0.101304,-0.0689403,0.992464
1714313240163568932,3.5785,-0.97575,-0.488367,0.199892,3.73846,0.130801,-0.0549784,Three,0.948162,-0.295356,-0.117277,0.301214,0.952898,0.0354288,0.101289,-0.0689179,0.992467
1714313240170883327,3.56993,-0.972562,-0.487121,0.195801,3.72925,0.131207,-0.0549113,Three,0.948172,-0.295333,-0.117254,0.301188,0.952906,0.0354218,0.101271,-0.0689016,0.99247
1714313240177522242,3.56618,-0.970775,-0.486164,0.208897,3.72506,0.131748,-0.0545394,Three,0.948179,-0.295318,-0.117234,0.301172,0.952912,0.035428,0.101251,-0.0688996,0.992472
1714313240184192176,3.57375,-0.972071,-0.487373,0.207029,3.73276,0.13271,-0.054932,Three,0.948184,-0.295309,-0.117221,0.301162,0.952915,0.0354284,0.101239,-0.068895,0.992474
1714313240191953371,3.56397,-0.968165,-0.485628,0.221293,3.72213,0.133639,-0.0544917,Three,0.948177,-0.295332,-0.117212,0.301182,0.952909,0.0354019,0.101237,-0.0688694,0.992476
1714313240199468756,3.56964,-0.968747,-0.486571,0.202052,3.72778,0.134934,-0.0548739,Three,0.948165,-0.295378,-0.117197,0.301225,0.952896,0.0353851,0.101225,-0.0688536,0.992478
1714313240206520253,3.56496,-0.966249,-0.485781,0.202762,3.7225,0.13604,-0.0547437,Three,0.948157,-0.295406,-0.117195,0.301251,0.952889,0.0353616,0.101228,-0.0688335,0.992479
1714313240213377237,3.55382,-0.961544,-0.484384,0.184617,3.71039,0.137218,-0.0548009,Three,0.948156,-0.295406,-0.117198,0.301252,0.952888,0.0353681,0.101228,-0.0688405,0.992479
1714313240220415394,3.55316,-0.959671,-0.484122,0.187592,3.70918,0.138765,-0.054817,Three,0.948162,-0.295395,-0.117176,0.301239,0.952892,0.035368,0.101208,-0.0688325,0.992481
1714313240226219101,3.55676,-0.959436,-0.484644,0.191119,3.71259,0.14008,-0.0548441,Three,0.948156,-0.295399,-0.117214,0.301245,0.952891,0.0353595,0.101247,-0.0688364,0.992477
1714313240232153300,3.55871,-0.958235,-0.485125,0.225204,3.71414,0.141858,-0.0551584,Three,0.94815,-0.295413,-0.117227,0.30126,0.952886,0.0353527,0.10126,-0.0688354,0.992476
1714313240237773502,3.54789,-0.953526,-0.483265,0.200443,3.70227,0.143147,-0.0547339,Three,0.948151,-0.295412,-0.117226,0.301258,0.952887,0.0353475,0.101261,-0.0688301,0.992476
1714313240244257752,3.54452,-0.950624,-0.482688,0.203157,3.69814,0.144913,-0.0546709,Three,0.94815,-0.295411,-0.117235,0.301258,0.952887,0.0353496,0.101269,-0.0688346,0.992475
1714313240250200935,3.53996,-0.947599,-0.482181,0.197175,3.69287,0.146428,-0.0548515,Three,0.948151,-0.295409,-0.117231,0.301256,0.952887,0.0353587,0.101263,-0.068842,0.992475
1714313240255958867,3.54076,-0.945858,-0.482052,0.21001,3.6931,0.148342,-0.0548558,Three,0.948153,-0.295412,-0.117206,0.301258,0.952887,0.0353629,0.101238,-0.0688388,0.992478
1714313240261606003,3.54264,-0.94431,-0.482405,0.2269,3.69446,0.15042,-0.0551064,Three,0.948149,-0.295425,-0.117211,0.301272,0.952882,0.0353651,0.101241,-0.0688438,0.992477
1714313240267359241,3.54103,-0.941729,-0.4825,0.221858,3.69219,0.152399,-0.0555659,Three,0.948149,-0.295427,-0.117205,0.301274,0.952881,0.0353711,0.101233,-0.0688479,0.992478
1714313240273365551,3.53192,-0.9367,-0.480941,0.209925,3.68189,0.154429,-0.0552021,Three,0.948152,-0.295407,-0.117227,0.301255,0.952888,0.0353649,0.101257,-0.0688464,0.992475
1714313240279246826,3.53372,-0.934701,-0.481262,0.228103,3.68304,0.156825,-0.0554714,Three,0.948155,-0.295396,-0.117228,0.301245,0.95289,0.0353741,0.101256,-0.0688545,0.992475
1714313240285139990,3.54611,-0.935394,-0.482954,0.215946,3.69519,0.159677,-0.0558847,Three,0.948169,-0.295356,-0.117217,0.301206,0.952902,0.035392,0.101244,-0.0688642,0.992475
1714313240290978190,3.53617,-0.929615,-0.48133,0.241416,3.68388,0.162121,-0.0557502,Three,0.948182,-0.295325,-0.117197,0.301174,0.952912,0.0354054,0.101222,-0.0688673,0.992477
1714313240296747049,3.52837,-0.925007,-0.480314,0.240439,3.675,0.164208,-0.0558818,Three,0.948182,-0.295328,-0.117188,0.301177,0.95291,0.0354096,0.101212,-0.0688691,0.992478
1714313240303731408,3.54643,-0.926693,-0.482586,0.220164,3.69289,0.167945,-0.0561416,Three,0.948182,-0.295323,-0.117201,0.301171,0.952913,0.0353894,0.101231,-0.0688531,0.992477
1714313240309532158,3.53731,-0.921249,-0.4815,0.245091,3.68251,0.170445,-0.0562583,Three,0.948177,-0.295327,-0.117229,0.301177,0.952911,0.0353976,0.101255,-0.06887,0.992474
1714313240315349146,3.52865,-0.916454,-0.480393,0.266307,3.67275,0.172459,-0.0563557,Three,0.948176,-0.29533,-0.117232,0.30118,0.95291,0.0353916,0.10126,-0.0688656,0.992474
1714313240321111469,3.52458,-0.912779,-0.479729,0.289278,3.66773,0.17477,-0.0564028,Three,0.948176,-0.295334,-0.117222,0.301183,0.952909,0.0353919,0.101249,-0.0688629,0.992475
1714313240327149070,3.53797,-0.913871,-0.481004,0.262013,3.6809,0.177684,-0.0563607,Three,0.948182,-0.295327,-0.117188,0.301175,0.952912,0.0353976,0.101216,-0.0688574,0.992479
1714313240332937831,3.53873,-0.911875,-0.48087,0.259401,3.68101,0.179789,-0.0563624,Three,0.948186,-0.295321,-0.117168,0.301169,0.952913,0.0354102,0.101194,-0.0688629,0.992481
1714313240339205395,3.53942,-0.909987,-0.480791,0.257805,3.6811,0.181894,-0.0563638,Three,0.948179,-0.295346,-0.117163,0.301191,0.952907,0.0353873,0.101194,-0.0688418,0.992482
1714313240344949395,3.54013,-0.908008,-0.48073,0.254727,3.68118,0.183997,-0.0563651,Three,0.948179,-0.295345,-0.117163,0.30119,0.952908,0.0353769,0.101197,-0.0688319,0.992482
1714313240350796673,3.53672,-0.90557,-0.480273,0.251623,3.67717,0.185308,-0.0564041,Three,0.948179,-0.295345,-0.117169,0.30119,0.952907,0.0353823,0.101201,-0.0688388,0.992482
1714313240357515923,3.53306,-0.902564,-0.479406,0.270052,3.67271,0.187143,-0.0560901,Three,0.948174,-0.295355,-0.117177,0.3012,0.952905,0.0353665,0.101213,-0.0688272,0.992481
1714313240363389950,3.54225,-0.903722,-0.48057,0.230626,3.6819,0.18876,-0.0562342,Three,0.948175,-0.295354,-0.117177,0.301197,0.952906,0.0353576,0.101215,-0.0688184,0.992481
1714313240369466733,3.54312,-0.901777,-0.48045,0.239359,3.68214,0.190886,-0.0562381,Three,0.948177,-0.295357,-0.117155,0.301198,0.952906,0.0353501,0.101197,-0.0688051,0.992484
1714313240375431699,3.54447,-0.900927,-0.480802,0.253117,3.68321,0.192035,-0.0564959,Three,0.948181,-0.295342,-0.117158,0.301181,0.952912,0.0353372,0.101204,-0.0687918,0.992484
1714313240382305209,3.5433,-0.899515,-0.480541,0.255049,3.68166,0.19298,-0.0564979,Three,0.948187,-0.295328,-0.117145,0.301168,0.952916,0.0353482,0.10119,-0.0687971,0.992485
1714313240388256326,3.55672,-0.90154,-0.482203,0.268204,3.69517,0.195023,-0.0567077,Three,0.948189,-0.295326,-0.11713,0.301166,0.952916,0.0353584,0.101173,-0.0688022,0.992487
1714313240394172568,3.54436,-0.897656,-0.480817,0.229588,3.68215,0.19508,-0.0567727,Three,0.948185,-0.295333,-0.117152,0.301175,0.952913,0.0353696,0.10119,-0.0688203,0.992484
1714313240399852878,3.53006,-0.893179,-0.478592,0.262346,3.66701,0.195101,-0.0562712,Three,0.948185,-0.295327,-0.117166,0.301172,0.952913,0.0353829,0.101199,-0.0688365,0.992482
1714313240406622453,3.54517,-0.896158,-0.480707,0.265973,3.68246,0.196697,-0.0566352,Three,0.948188,-0.295317,-0.117166,0.301162,0.952916,0.0353909,0.101198,-0.0688432,0.992482
1714313240414254486,3.54515,-0.895654,-0.480911,0.23151,3.68232,0.197195,-0.0567755,Three,0.948183,-0.295323,-0.117193,0.301171,0.952913,0.035392,0.101223,-0.0688532,0.992478
1714313240421331943,3.55843,-0.898656,-0.482487,0.260629,3.69598,0.198227,-0.0567205,Three,0.948185,-0.295309,-0.117211,0.301157,0.952918,0.0353876,0.101242,-0.0688529,0.992476
1714313240428002073,3.52982,-0.890801,-0.478804,0.274061,3.6661,0.197162,-0.0565238,Three,0.948191,-0.295292,-0.117204,0.30114,0.952923,0.0353898,0.101236,-0.0688513,0.992477
1714313240435245524,3.5312,-0.891194,-0.4791,0.237732,3.66757,0.197175,-0.0566747,Three,0.948193,-0.295288,-0.117199,0.301139,0.952922,0.0354183,0.101223,-0.0688766,0.992477
1714313240442548830,3.55882,-0.897544,-0.482602,0.260834,3.69605,0.199284,-0.0569901,Three,0.948197,-0.295281,-0.11718,0.301133,0.952923,0.0354419,0.101199,-0.0688928,0.992478
1714313240449392644,3.55807,-0.897278,-0.48248,0.27002,3.69524,0.199251,-0.0569777,Three,0.948203,-0.295265,-0.117177,0.301119,0.952927,0.0354613,0.101191,-0.0689086,0.992478
1714313240456497368,3.55799,-0.897246,-0.482509,0.270792,3.69516,0.199248,-0.0569765,Three,0.948202,-0.295262,-0.117187,0.301114,0.952929,0.0354468,0.101204,-0.0688974,0.992477
1714313240462810630,3.55831,-0.897386,-0.482582,0.267271,3.69552,0.199263,-0.0569819,Three,0.948197,-0.295275,-0.117194,0.301128,0.952925,0.035442,0.101212,-0.0688964,0.992476
1714313240469278928,3.55791,-0.897428,-0.482502,0.271029,3.69513,0.199247,-0.056976,Three,0.948187,-0.295312,-0.117186,0.301165,0.952913,0.035442,0.101201,-0.0688978,0.992477
1714313240476319238,3.55781,-0.897547,-0.482588,0.224659,3.69508,0.199167,-0.057095,Three,0.948182,-0.29533,-0.117178,0.301182,0.952908,0.0354412,0.101193,-0.0688966,0.992478
1714313240483013223,3.55919,-0.897915,-0.482498,0.241409,3.69648,0.199261,-0.0568578,Three,0.94818,-0.295338,-0.117174,0.301189,0.952906,0.0354376,0.101189,-0.0688927,0.992479
1714313240490217388,3.54566,-0.894306,-0.48067,0.246575,3.68236,0.198769,-0.056643,Three,0.948173,-0.295358,-0.11718,0.301211,0.952898,0.0354473,0.101191,-0.0689061,0.992478
1714313240497412375,3.54575,-0.894292,-0.480669,0.248809,3.68245,0.198776,-0.0566444,Three,0.948176,-0.29535,-0.117177,0.301203,0.952901,0.0354521,0.101187,-0.0689088,0.992478
1714313240504250619,3.54624,-0.894344,-0.480407,0.259658,3.6829,0.198814,-0.0563841,Three,0.948183,-0.295333,-0.117163,0.301186,0.952906,0.035465,0.101171,-0.068915,0.992479
1714313240511026060,3.54585,-0.894261,-0.480605,0.252181,3.68253,0.198785,-0.0566458,Three,0.948182,-0.295337,-0.117158,0.301191,0.952904,0.035477,0.101162,-0.0689255,0.992479
1714313240517887494,3.54576,-0.894306,-0.480632,0.249103,3.68245,0.198777,-0.0566445,Three,0.948176,-0.295353,-0.117167,0.301207,0.952899,0.0354669,0.101173,-0.0689205,0.992479
1714313240524641190,3.54585,-0.894312,-0.480712,0.260128,3.68255,0.198796,-0.0566463,Three,0.948175,-0.295352,-0.117185,0.301206,0.9529,0.0354554,0.101194,-0.0689147,0.992477
1714313240531706186,3.5458,-0.894426,-0.480684,0.252196,3.68253,0.198785,-0.0566458,Three,0.948167,-0.295381,-0.117177,0.301232,0.952892,0.0354315,0.101191,-0.0688924,0.992479
1714313240538593153,3.54572,-0.894415,-0.480663,0.248844,3.68244,0.198776,-0.0566443,Three,0.948167,-0.295382,-0.117173,0.30123,0.952894,0.0354086,0.101194,-0.0688694,0.99248
1714313240545890227,3.5462,-0.894504,-0.480463,0.25731,3.68291,0.198811,-0.0563842,Three,0.948169,-0.295374,-0.117175,0.301223,0.952896,0.0354142,0.101195,-0.0688744,0.99248
1714313240552763827,3.54568,-0.894381,-0.480658,0.247546,3.6824,0.198772,-0.0566436,Three,0.948169,-0.295376,-0.117173,0.301224,0.952896,0.0354122,0.101194,-0.0688722,0.99248
1714313240559806641,3.54554,-0.894342,-0.480673,0.244404,3.68226,0.19876,-0.0566414,Three,0.948168,-0.295373,-0.117183,0.301223,0.952896,0.0354152,0.101202,-0.0688776,0.992479
1714313240566258087,3.54448,-0.894152,-0.480813,0.229444,3.68121,0.198687,-0.0568831,Three,0.948162,-0.295391,-0.117188,0.301242,0.95289,0.0354169,0.101206,-0.068883,0.992478
1714313240572083242,3.55907,-0.898179,-0.482572,0.240859,3.69643,0.199258,-0.0568572,Three,0.948155,-0.295411,-0.117194,0.301262,0.952883,0.0354226,0.101208,-0.0688924,0.992477
1714313240578965911,3.55895,-0.898125,-0.482598,0.238969,3.69631,0.199249,-0.0568553,Three,0.948156,-0.295403,-0.117206,0.301257,0.952885,0.0354328,0.101217,-0.068905,0.992475
1714313240585796369,3.55784,-0.897804,-0.482827,0.225801,3.6952,0.199175,-0.0570969,Three,0.948156,-0.295391,-0.117238,0.301246,0.952888,0.0354277,0.101249,-0.0689084,0.992472
1714313240592689932,3.55908,-0.898162,-0.483291,0.239036,3.69653,0.199261,-0.0573866,Three,0.948149,-0.295409,-0.117244,0.301264,0.952882,0.0354232,0.101255,-0.0689079,0.992471
1714313240599261541,3.55788,-0.897928,-0.482779,0.22636,3.69526,0.199179,-0.0570978,Three,0.948148,-0.295421,-0.117222,0.301275,0.952879,0.0354274,0.101233,-0.0689066,0.992474
1714313240606419735,3.55795,-0.897884,-0.482794,0.226779,3.69531,0.199182,-0.0570986,Three,0.948153,-0.295406,-0.117224,0.301258,0.952885,0.0354117,0.10124,-0.0688903,0.992474
1714313240613396126,3.55915,-0.898196,-0.483202,0.240042,3.69659,0.199266,-0.0573876,Three,0.948151,-0.295414,-0.117216,0.301265,0.952883,0.0353986,0.101236,-0.0688763,0.992475
1714313240620425279,3.55917,-0.898191,-0.482633,0.242766,3.69655,0.199267,-0.056859,Three,0.948155,-0.295407,-0.117207,0.301259,0.952885,0.0354164,0.101222,-0.0688897,0.992476
1714313240627871096,3.54565,-0.894586,-0.480761,0.242092,3.68243,0.198769,-0.0566343,Three,0.948149,-0.295427,-0.117202,0.301276,0.95288,0.0353964,0.101222,-0.0688713,0.992477
1714313240634855757,3.54544,-0.894688,-0.480823,0.244675,3.68227,0.198761,-0.0566416,Three,0.948135,-0.295465,-0.117221,0.301314,0.952869,0.0353761,0.101244,-0.0688616,0.992476
1714313240641520564,3.54539,-0.894731,-0.480881,0.243958,3.68223,0.198758,-0.056641,Three,0.948128,-0.295479,-0.117238,0.301329,0.952863,0.0353828,0.101257,-0.0688749,0.992473
1714313240648347376,3.54497,-0.894652,-0.481036,0.236691,3.68183,0.19873,-0.0568928,Three,0.948127,-0.295487,-0.117226,0.301337,0.952861,0.0353871,0.101243,-0.0688759,0.992475
1714313240655188857,3.54566,-0.894882,-0.480846,0.25185,3.68252,0.198784,-0.0566456,Three,0.948124,-0.295503,-0.117218,0.30135,0.952857,0.0353668,0.101241,-0.0688557,0.992476
1714313240661936208,3.54572,-0.894816,-0.48087,0.257161,3.68258,0.198793,-0.0566465,Three,0.948129,-0.295483,-0.117222,0.301331,0.952864,0.0353636,0.101248,-0.068852,0.992476
1714313240668744936,3.54564,-0.894775,-0.480868,0.250336,3.68249,0.19878,-0.056645,Three,0.948131,-0.295476,-0.117225,0.301325,0.952865,0.0353726,0.101248,-0.0688607,0.992475
1714313240675456950,3.54565,-0.894847,-0.480955,0.251971,3.68253,0.198784,-0.0566457,Three,0.948123,-0.295493,-0.117248,0.301345,0.952859,0.0353806,0.101266,-0.0688772,0.992472
1714313240682244243,3.54565,-0.894921,-0.481045,0.253875,3.68256,0.198788,-0.0566462,Three,0.948114,-0.295511,-0.11727,0.301362,0.952854,0.0353582,0.101293,-0.0688644,0.99247
1714313240689056522,3.54557,-0.894895,-0.48108,0.250056,3.68247,0.198779,-0.0566448,Three,0.948114,-0.295508,-0.117281,0.301357,0.952857,0.0353296,0.101312,-0.0688399,0.99247
1714313240696090886,3.546,-0.895018,-0.480895,0.259338,3.6829,0.198813,-0.0563841,Three,0.948112,-0.295512,-0.117287,0.30136,0.952856,0.0353247,0.101319,-0.0688376,0.99247
1714313240702731448,3.54558,-0.894872,-0.481132,0.250318,3.68249,0.19878,-0.056645,Three,0.948114,-0.295501,-0.117295,0.30135,0.952859,0.0353241,0.101327,-0.0688381,0.992469
1714313240709754962,3.54494,-0.894681,-0.481288,0.236928,3.68184,0.198731,-0.056893,Three,0.948117,-0.295494,-0.117291,0.301344,0.95286,0.0353417,0.101319,-0.068853,0.992469
1714313240716604829,3.54599,-0.89494,-0.480876,0.261863,3.68287,0.198815,-0.0563837,Three,0.948118,-0.295494,-0.117285,0.301344,0.95286,0.0353454,0.101312,-0.0688547,0.992469
1714313240723324641,3.54598,-0.894364,-0.480732,0.223257,3.68267,0.199311,-0.0562555,Three,0.948122,-0.29548,-0.117291,0.30133,0.952865,0.0353446,0.101319,-0.0688543,0.992468
1714313240730107253,3.54563,-0.89412,-0.480985,0.210957,3.6823,0.19928,-0.0565086,Three,0.948132,-0.29544,-0.117303,0.301291,0.952877,0.0353439,0.101333,-0.0688531,0.992467
1714313240737179634,3.54599,-0.894091,-0.48144,0.246533,3.6827,0.199312,-0.0569069,Three,0.948139,-0.295417,-0.117307,0.301269,0.952884,0.0353491,0.101337,-0.068857,0.992466
1714313240745322821,3.54478,-0.893128,-0.480742,0.269354,3.68119,0.199808,-0.056501,Three,0.948148,-0.295398,-0.117281,0.30125,0.952889,0.035372,0.101307,-0.0688689,0.992469
1714313240752843901,3.56048,-0.896279,-0.483055,0.241752,3.69728,0.201446,-0.0570006,Three,0.948149,-0.295396,-0.11728,0.301251,0.952888,0.0353991,0.101297,-0.0688942,0.992468
1714313240759909015,3.54678,-0.891979,-0.481477,0.241913,3.68284,0.201446,-0.0570428,Three,0.948149,-0.295388,-0.117299,0.301243,0.95289,0.035395,0.101318,-0.0688954,0.992466
1714313240767248452,3.54594,-0.891194,-0.481342,0.261762,3.68179,0.201937,-0.0570267,Three,0.948149,-0.295385,-0.117305,0.301241,0.952891,0.0353915,0.101325,-0.0688936,0.992465
1714313240774176866,3.56049,-0.894165,-0.483358,0.237595,3.69669,0.203492,-0.0573893,Three,0.948144,-0.295405,-0.117295,0.301261,0.952884,0.0353957,0.101313,-0.0688967,0.992466
1714313240781514793,3.56021,-0.892969,-0.483122,0.263801,3.69604,0.204569,-0.0572498,Three,0.948143,-0.295409,-0.117299,0.301263,0.952884,0.035384,0.101319,-0.0688869,0.992466
1714313240789124617,3.54771,-0.888514,-0.481467,0.241522,3.68269,0.205092,-0.0571743,Three,0.948144,-0.295404,-0.117299,0.301257,0.952887,0.0353646,0.101326,-0.0688679,0.992467
1714313240796382781,3.54578,-0.886849,-0.480692,0.275954,3.68027,0.206073,-0.056745,Three,0.948149,-0.295392,-0.117291,0.301244,0.952891,0.0353659,0.101319,-0.0688653,0.992468
1714313240803568433,3.54832,-0.886525,-0.4812,0.238446,3.68264,0.20719,-0.0571736,Three,0.948149,-0.29541,-0.117249,0.30126,0.952886,0.0353738,0.101275,-0.0688621,0.992472
1714313240811208304,3.53452,-0.881545,-0.478822,0.258192,3.66781,0.207713,-0.0565507,Three,0.94816,-0.295372,-0.11725,0.301224,0.952896,0.0353983,0.101271,-0.0688818,0.992471
1714313240818372740,3.54978,-0.883931,-0.481158,0.228908,3.68328,0.209872,-0.0570499,Three,0.948164,-0.295349,-0.11728,0.301206,0.9529,0.0354301,0.101292,-0.0689189,0.992467
1714313240825803698,3.54943,-0.882285,-0.481471,0.2355,3.68249,0.211385,-0.0574381,Three,0.948157,-0.295363,-0.117299,0.301222,0.952896,0.0354198,0.101312,-0.0689167,0.992465
1714313240832889798,3.53659,-0.877735,-0.47919,0.248975,3.6687,0.211947,-0.0568225,Three,0.948157,-0.295367,-0.11729,0.301225,0.952895,0.0354168,0.101304,-0.0689113,0.992466
1714313240840078252,3.55088,-0.87995,-0.481208,0.239241,3.68314,0.214084,-0.0573071,Three,0.948158,-0.295372,-0.117268,0.301228,0.952894,0.0354167,0.101283,-0.0689051,0.992469
1714313240846979266,3.54486,-0.877556,-0.480264,0.250969,3.6766,0.214656,-0.057209,Three,0.948154,-0.295392,-0.117251,0.301247,0.952889,0.0354111,0.101267,-0.0688967,0.992471
1714313240854192823,3.55163,-0.878133,-0.480809,0.216611,3.68326,0.21617,-0.0570499,Three,0.948151,-0.295404,-0.117245,0.301258,0.952885,0.0354122,0.10126,-0.068897,0.992471
1714313240861406457,3.56557,-0.880289,-0.482913,0.248036,3.69735,0.218353,-0.0575306,Three,0.94814,-0.295432,-0.117259,0.301287,0.952876,0.0354124,0.101271,-0.0689046,0.99247
1714313240868383501,3.55236,-0.876266,-0.481117,0.230232,3.68343,0.2183,-0.0573118,Three,0.948137,-0.295438,-0.117272,0.301293,0.952875,0.0353965,0.101288,-0.068894,0.992469
1714313240876248489,3.53728,-0.871849,-0.479175,0.262285,3.66758,0.21818,-0.0573292,Three,0.948128,-0.295479,-0.117242,0.301328,0.952865,0.0353659,0.101265,-0.0688596,0.992474
1714313240883058601,3.55278,-0.875017,-0.481187,0.243018,3.68344,0.219867,-0.0577129,Three,0.948124,-0.295509,-0.117195,0.301354,0.952857,0.0353483,0.101224,-0.0688316,0.99248
1714313240890407775,3.55337,-0.874691,-0.481223,0.221621,3.68391,0.220426,-0.0578459,Three,0.948122,-0.29553,-0.117158,0.301369,0.952853,0.0353233,0.101195,-0.0687986,0.992485
1714313240898219757,3.53932,-0.870459,-0.478696,0.243147,3.66904,0.220343,-0.0570862,Three,0.948121,-0.295538,-0.117149,0.301378,0.95285,0.0353296,0.101184,-0.0688029,0.992486
1714313240905173075,3.56765,-0.876807,-0.482762,0.231778,3.69825,0.222616,-0.0578053,Three,0.948126,-0.29552,-0.117153,0.301361,0.952855,0.0353442,0.101184,-0.0688159,0.992485
1714313240912042370,3.54027,-0.8696,-0.479422,0.253487,3.66977,0.221419,-0.0577673,Three,0.948121,-0.295537,-0.11715,0.301378,0.95285,0.0353367,0.101183,-0.0688098,0.992485
1714313240918953626,3.55404,-0.872765,-0.480883,0.225109,3.68393,0.222536,-0.0575796,Three,0.948118,-0.295545,-0.117156,0.301384,0.952849,0.0353167,0.101194,-0.0687934,0.992485
1714313240926039725,3.55334,-0.872625,-0.481118,0.204667,3.68325,0.222472,-0.0578355,Three,0.948114,-0.29555,-0.117171,0.301389,0.952848,0.0353048,0.101212,-0.0687871,0.992484
1714313240933085273,3.55373,-0.872742,-0.480605,0.224729,3.6836,0.222512,-0.0573145,Three,0.948114,-0.295555,-0.117162,0.301393,0.952846,0.0353034,0.101203,-0.0687833,0.992485
1714313240940209978,3.55366,-0.872778,-0.480831,0.212527,3.68356,0.222499,-0.0575736,Three,0.948111,-0.295568,-0.117154,0.301406,0.952842,0.0353052,0.101195,-0.0687843,0.992486
1714313240947385755,3.55369,-0.872889,-0.480265,0.214465,3.68355,0.222498,-0.0570548,Three,0.948106,-0.295589,-0.117142,0.301428,0.952835,0.0353225,0.101176,-0.0687993,0.992487
1714313240954228596,3.55368,-0.87275,-0.480994,0.237579,3.68359,0.222525,-0.0578492,Three,0.948114,-0.295571,-0.117126,0.30141,0.95284,0.0353407,0.101157,-0.0688099,0.992488
1714313240961091850,3.54025,-0.869698,-0.479339,0.251959,3.66976,0.221417,-0.0577671,Three,0.948116,-0.295563,-0.117128,0.301403,0.952842,0.0353426,0.101158,-0.0688116,0.992488
1714313240968037721,3.5535,-0.873237,-0.480888,0.242553,3.68355,0.221977,-0.0577146,Three,0.948116,-0.295562,-0.11713,0.301403,0.952841,0.0353559,0.101157,-0.0688249,0.992487
1714313240975044909,3.56666,-0.876763,-0.482253,0.252633,3.69723,0.222575,-0.0575289,Three,0.948113,-0.295573,-0.117123,0.301415,0.952837,0.0353675,0.101145,-0.0688349,0.992488
1714313240982071275,3.53969,-0.87079,-0.478876,0.235723,3.66949,0.220365,-0.0573521,Three,0.948106,-0.295602,-0.117114,0.301442,0.952828,0.0353618,0.101136,-0.0688297,0.992489
1714313240988765035,3.5395,-0.870753,-0.478817,0.241794,3.66929,0.22036,-0.0573491,Three,0.948105,-0.295606,-0.117104,0.301445,0.952828,0.035358,0.101128,-0.0688236,0.99249
1714313240996275244,3.55274,-0.874202,-0.480573,0.250458,3.68307,0.220934,-0.0575663,Three,0.948112,-0.295589,-0.11709,0.301428,0.952833,0.0353566,0.101116,-0.0688161,0.992492
1714313241003279987,3.55206,-0.873962,-0.480444,0.258825,3.68234,0.2209,-0.0575549,Three,0.948118,-0.295574,-0.117081,0.301412,0.952838,0.0353611,0.101107,-0.0688161,0.992493
1714313241010416141,3.55207,-0.873992,-0.480413,0.258808,3.68235,0.220901,-0.057555,Three,0.948117,-0.295581,-0.117072,0.301418,0.952836,0.0353546,0.1011,-0.0688079,0.992494
1714313241018189592,3.55238,-0.874125,-0.4805,0.254995,3.6827,0.220917,-0.0575605,Three,0.948112,-0.295594,-0.117083,0.301432,0.952832,0.0353587,0.101109,-0.0688166,0.992492
1714313241025200980,3.55311,-0.874301,-0.480866,0.245162,3.68349,0.220954,-0.0578395,Three,0.948112,-0.295593,-0.117083,0.30143,0.952833,0.0353509,0.101111,-0.0688088,0.992493
1714313241032009359,3.53969,-0.870808,-0.479058,0.238762,3.66951,0.22037,-0.0576182,Three,0.948106,-0.295611,-0.117089,0.301447,0.952828,0.0353399,0.101119,-0.0688022,0.992492
1714313241039151714,3.53983,-0.870826,-0.479069,0.233634,3.66966,0.220373,-0.0576204,Three,0.948108,-0.295605,-0.117087,0.301441,0.95283,0.0353357,0.101118,-0.0687968,0.992493
1714313241046156984,3.5399,-0.870793,-0.479061,0.227266,3.66972,0.22037,-0.0576213,Three,0.948113,-0.29559,-0.117082,0.301426,0.952835,0.0353363,0.101115,-0.0687944,0.992493
