t,x,y,z,odom_yaw,cx,cy,cz,label,rot1,rot2,rot3,rot4,rot5,rot6,rot7,rot8,rot9
1714325885315501213,0,0,0,-0,3.85314,-0.00636361,-0.0750957,Three,6.94917e-310,9.19456e-321,6.94917e-310,1.2209e-314,6.94917e-310,6.94917e-310,9.88131e-324,0,6.94917e-310
1714325885328486368,0,0,0,-0,3.83097,-0.0127579,-0.0742708,Three,6.94917e-310,9.19456e-321,6.94917e-310,1.2209e-314,6.94917e-310,6.94917e-310,9.88131e-324,0,6.94917e-310
1714325885334913093,3.80285,-0.369987,-0.513286,-0.313048,3.85439,-0.0161162,-0.0740456,Three,0.989165,-0.0925165,-0.113985,0.0959543,0.995071,0.0250402,0.111107,-0.0357063,0.993167
1714325885416780994,3.89624,-0.424642,-0.52121,-0.576346,3.95271,-0.06195,-0.0699413,Three,0.98918,-0.0924678,-0.113894,0.0959107,0.995073,0.0251179,0.11101,-0.0357698,0.993175
1714325885423079267,3.90532,-0.429262,-0.521856,-0.599619,3.96219,-0.0657171,-0.069543,Three,0.989185,-0.092463,-0.11386,0.0959041,0.995074,0.0251126,0.110978,-0.0357607,0.993179
1714325885429528255,3.90848,-0.433477,-0.522331,-0.622877,3.96576,-0.069524,-0.0695533,Three,0.989184,-0.0924871,-0.113851,0.0959257,0.995072,0.025092,0.11097,-0.0357418,0.993181
1714325885436238615,3.88123,-0.434201,-0.518482,-0.654353,3.93843,-0.0726785,-0.0687568,Three,0.989182,-0.0925083,-0.113845,0.0959463,0.99507,0.0250881,0.110963,-0.0357397,0.993182
1714325885449635068,3.97289,-0.0856788,-0.52203,0.739116,3.99728,0.282712,-0.074621,Three,0.989187,-0.092479,-0.11383,0.0959165,0.995073,0.0250893,0.110949,-0.0357362,0.993183
1714325885456241031,3.97766,-0.0885336,-0.522978,0.711769,4.00236,0.280312,-0.0748809,Three,0.989185,-0.0924804,-0.113842,0.0959171,0.995073,0.0250789,0.110962,-0.0357271,0.993182
1714325885462272762,3.98897,-0.0909581,-0.524843,0.688157,4.01399,0.278969,-0.0753802,Three,0.989184,-0.0924882,-0.113846,0.0959261,0.995072,0.0250881,0.110964,-0.0357375,0.993182
1714325885468868735,3.90727,-0.0914342,-0.514886,0.688021,3.93208,0.27093,-0.0744816,Three,0.989182,-0.0924933,-0.11386,0.0959308,0.995072,0.0250794,0.110979,-0.0357308,0.99318
1714325885475585153,3.86981,-0.0929363,-0.510374,0.678447,3.89466,0.26597,-0.0740492,Three,0.98918,-0.0924961,-0.113873,0.0959322,0.995072,0.0250629,0.110994,-0.0357158,0.993179
1714325885482862142,3.95315,-0.0975569,-0.522104,0.617941,3.97886,0.269073,-0.0762403,Three,0.989179,-0.092496,-0.113885,0.095934,0.995072,0.0250762,0.111004,-0.0357303,0.993177
1714325885490033119,3.92134,-0.0991928,-0.518405,0.605115,3.94712,0.264523,-0.0759834,Three,0.989176,-0.0925051,-0.113901,0.0959465,0.99507,0.0251002,0.111017,-0.0357569,0.993175
1714325885497037098,3.85811,-0.100133,-0.510469,0.604836,3.88375,0.257815,-0.0750731,Three,0.989173,-0.0925294,-0.113905,0.0959707,0.995068,0.025096,0.111021,-0.0357558,0.993175
1714325885503845565,3.90257,-0.103366,-0.516707,0.562845,3.92873,0.258759,-0.076199,Three,0.989172,-0.0925419,-0.113909,0.0959824,0.995067,0.0250878,0.111026,-0.0357495,0.993174
1714325885510624919,3.98428,-0.108067,-0.528312,0.495508,4.01131,0.261687,-0.0784582,Three,0.98917,-0.092555,-0.113916,0.0959953,0.995066,0.0250827,0.111032,-0.0357465,0.993174
1714325885517429296,3.9387,-0.109134,-0.522629,0.490535,3.96568,0.25645,-0.0778187,Three,0.989168,-0.0925691,-0.11392,0.0960082,0.995065,0.0250702,0.111037,-0.0357359,0.993174
1714325885524364341,3.90063,-0.110231,-0.517881,0.480025,3.92758,0.251845,-0.0773205,Three,0.989168,-0.0925748,-0.113912,0.0960123,0.995065,0.0250576,0.11103,-0.0357231,0.993175
1714325885531843481,3.89856,-0.112839,-0.517812,0.451613,3.92576,0.249076,-0.0773385,Three,0.989166,-0.09258,-0.113924,0.0960157,0.995065,0.0250376,0.111044,-0.0357048,0.993174
1714325885538620689,3.91145,-0.11544,-0.51971,0.423257,3.93897,0.247699,-0.0776281,Three,0.989164,-0.0925849,-0.113942,0.0960207,0.995065,0.0250326,0.111062,-0.0357021,0.993172
1714325885545395907,3.90229,-0.117699,-0.51906,0.398227,3.93004,0.244607,-0.0779487,Three,0.989164,-0.0925899,-0.113935,0.0960272,0.995064,0.0250476,0.111054,-0.0357171,0.993172
1714325885551875102,3.89454,-0.119729,-0.518712,0.368392,3.92252,0.241946,-0.0783842,Three,0.989162,-0.0926139,-0.113938,0.0960523,0.995061,0.0250555,0.111055,-0.035728,0.993172
1714325885557588931,3.90066,-0.121939,-0.519546,0.333648,3.92888,0.240212,-0.078511,Three,0.989166,-0.092589,-0.113924,0.0960279,0.995063,0.0250664,0.11104,-0.0357347,0.993173
1714325885563137157,3.91615,-0.124627,-0.521572,0.310673,3.94468,0.238964,-0.0788358,Three,0.989169,-0.0925876,-0.113892,0.0960267,0.995063,0.0250779,0.111008,-0.035743,0.993177
1714325885571003153,3.87802,-0.126584,-0.516824,0.294742,3.90659,0.233476,-0.0783602,Three,0.989171,-0.0925891,-0.113873,0.0960292,0.995062,0.0250929,0.110988,-0.0357564,0.993178
1714325885577917295,3.88659,-0.130264,-0.518921,-0.177015,3.91565,0.230713,-0.0793766,Three,0.989169,-0.0926221,-0.11387,0.0960621,0.995059,0.0250912,0.110983,-0.035758,0.993179
1714325885583612112,3.84759,-0.130977,-0.513775,0.276362,3.87655,0.226391,-0.0785654,Three,0.989169,-0.0926232,-0.113871,0.0960625,0.995059,0.0250856,0.110984,-0.0357525,0.993179
1714325885589020915,3.87104,-0.134553,-0.517387,0.198064,3.90049,0.225,-0.0793313,Three,0.989166,-0.092624,-0.113895,0.0960666,0.995058,0.0251071,0.111007,-0.0357766,0.993175
1714325885603108929,3.83755,-0.140145,-0.513094,0.148934,3.86739,0.216312,-0.0786541,Three,0.989168,-0.0926215,-0.113878,0.0960658,0.995058,0.0251273,0.110988,-0.0357949,0.993177
1714325885613681246,3.81346,-0.144619,-0.510236,0.136743,3.84365,0.209532,-0.0784256,Three,0.989173,-0.0926005,-0.113854,0.0960468,0.995059,0.0251545,0.110962,-0.0358174,0.993179
1714325885622098278,3.79532,-0.148977,-0.508028,0.0817033,3.82587,0.203537,-0.078069,Three,0.989172,-0.092607,-0.113857,0.0960485,0.99506,0.0251102,0.110969,-0.0357741,0.99318
1714325885627027447,3.78944,-0.151604,-0.507085,-0.0280572,3.82019,0.200365,-0.0777339,Three,0.989173,-0.092603,-0.113846,0.0960448,0.99506,0.0251169,0.110958,-0.0357794,0.993181
1714325885632259730,3.75388,-0.153193,-0.502405,0.125235,3.78463,0.195444,-0.0769554,Three,0.989174,-0.0925919,-0.113852,0.0960355,0.995061,0.0251312,0.110962,-0.0357929,0.99318
1714325885639055124,3.76308,-0.158038,-0.504053,0.0860243,3.79435,0.191563,-0.0774183,Three,0.989172,-0.0926171,-0.113845,0.0960556,0.99506,0.0250858,0.110959,-0.0357497,0.993182
1714325885645286995,3.75163,-0.161668,-0.5028,0.0455298,3.78322,0.1869,-0.0771888,Three,0.989168,-0.0926204,-0.113878,0.0960583,0.99506,0.0250707,0.110993,-0.035738,0.993178
1714325885650815517,3.75056,-0.164769,-0.502745,0.0576265,3.78245,0.183633,-0.0771732,Three,0.989171,-0.0925997,-0.113869,0.0960393,0.995061,0.025089,0.110984,-0.0357533,0.993179
1714325885658312807,3.73504,-0.169374,-0.500801,0.0209265,3.7673,0.177741,-0.076861,Three,0.989169,-0.0926352,-0.113855,0.0960743,0.995058,0.0250882,0.110968,-0.035755,0.993181
1714325885665031115,3.73471,-0.17367,-0.500821,0.0421396,3.76736,0.173459,-0.0768623,Three,0.989172,-0.0926426,-0.113828,0.0960795,0.995058,0.0250757,0.110943,-0.0357407,0.993184
1714325885671629776,3.73394,-0.178002,-0.500219,0.0302201,3.76693,0.169121,-0.0763025,Three,0.989174,-0.0926522,-0.1138,0.0960885,0.995057,0.025079,0.110914,-0.0357424,0.993187
1714325885678211790,3.73353,-0.182349,-0.499746,0.0441621,3.76688,0.164826,-0.0757744,Three,0.989174,-0.0926677,-0.113787,0.0961035,0.995055,0.0250776,0.1109,-0.0357414,0.993189
1714325885684920713,3.73158,-0.18716,-0.499815,0.0795477,3.7654,0.159949,-0.0758396,Three,0.98917,-0.0926935,-0.1138,0.0961289,0.995053,0.0250686,0.110913,-0.0357366,0.993187
1714325885691067995,3.7209,-0.190681,-0.498189,0.0414311,3.75497,0.155378,-0.0752838,Three,0.989172,-0.092672,-0.1138,0.096108,0.995055,0.0250757,0.110913,-0.0357413,0.993187
1714325885696812298,3.71141,-0.193894,-0.497072,-0.0070255,3.74576,0.151261,-0.0750841,Three,0.989172,-0.0926622,-0.113806,0.0960975,0.995056,0.0250678,0.110921,-0.0357329,0.993187
1714325885702723840,3.71175,-0.198049,-0.497518,0.00162468,3.74654,0.147019,-0.0753611,Three,0.989176,-0.0926284,-0.113801,0.0960658,0.995059,0.0250907,0.110914,-0.0357514,0.993187
1714325885708279810,3.71842,-0.202095,-0.498404,0.0791716,3.75361,0.14354,-0.0753149,Three,0.989177,-0.0926094,-0.113812,0.0960486,0.99506,0.0251041,0.110925,-0.0357638,0.993185
1714325885713773824,3.72797,-0.206011,-0.499876,0.0842599,3.76358,0.140505,-0.0757908,Three,0.989183,-0.0926066,-0.113755,0.0960438,0.99506,0.0251043,0.110869,-0.0357583,0.993192
1714325885727925931,3.7323,-0.215442,-0.500559,0.0179705,3.76882,0.131626,-0.0755449,Three,0.989178,-0.0926332,-0.113784,0.0960688,0.995059,0.0250797,0.110898,-0.0357394,0.993189
1714325885732018287,3.74358,-0.218787,-0.502337,0.0378735,3.78049,0.129358,-0.0760295,Three,0.98918,-0.0926397,-0.11376,0.0960753,0.995058,0.0250866,0.110874,-0.0357447,0.993191
1714325885739498611,3.74606,-0.223718,-0.502841,-7.29034e-05,3.78345,0.124773,-0.0760936,Three,0.989178,-0.0926649,-0.113757,0.0960978,0.995056,0.025063,0.110872,-0.0357236,0.993192
1714325885747383222,3.75708,-0.229453,-0.504323,-0.0477537,3.79505,0.120132,-0.0760913,Three,0.989175,-0.0926756,-0.113769,0.0961085,0.995055,0.0250581,0.110884,-0.0357211,0.993191
1714325885754024509,3.77416,-0.234689,-0.506483,-0.0187554,3.81267,0.116563,-0.076156,Three,0.989174,-0.0926901,-0.11377,0.0961248,0.995053,0.0250728,0.110883,-0.0357375,0.993191
1714325885760853083,3.77781,-0.239168,-0.5071,-0.0512672,3.81677,0.112471,-0.0762177,Three,0.989173,-0.0926982,-0.113767,0.0961348,0.995052,0.0250905,0.110878,-0.0357559,0.993191
1714325885767641531,3.8016,-0.244686,-0.510171,-0.0474309,3.84116,0.109229,-0.0764605,Three,0.989173,-0.0927084,-0.11376,0.0961454,0.995051,0.0250957,0.110871,-0.0357615,0.993191
1714325885774458979,3.79604,-0.248675,-0.509516,-0.0945575,3.83596,0.104707,-0.0762862,Three,0.989174,-0.0926996,-0.11376,0.0961371,0.995052,0.0251005,0.11087,-0.0357653,0.993191
1714325885781093289,3.79494,-0.252641,-0.509088,-0.123318,3.83519,0.100587,-0.0758149,Three,0.989175,-0.0926791,-0.113766,0.0961176,0.995053,0.0251092,0.110876,-0.0357723,0.99319
1714325885788091519,3.82943,-0.259295,-0.513626,-0.11672,3.87044,0.0972388,-0.0762289,Three,0.989173,-0.0926975,-0.113775,0.0961366,0.995051,0.0251102,0.110884,-0.0357762,0.993189
1714325885793721872,3.82382,-0.262344,-0.51214,-0.141394,3.86501,0.0937282,-0.0753205,Three,0.989174,-0.0927044,-0.113761,0.0961424,0.995051,0.0251045,0.11087,-0.03577,0.993191
1714325885809382828,3.84534,-0.274054,-0.515192,-0.192654,3.88772,0.0841806,-0.075498,Three,0.989169,-0.0927326,-0.113774,0.0961716,0.995048,0.0251074,0.110883,-0.0357774,0.993189
1714325885817017384,3.83113,-0.278217,-0.513137,-0.245657,3.87382,0.0788018,-0.0749195,Three,0.989168,-0.0927534,-0.113766,0.0961929,0.995046,0.0251132,0.110873,-0.0357846,0.99319
1714325885823157777,3.89234,-0.286799,-0.520952,-0.219199,3.93605,0.0759986,-0.0755876,Three,0.989167,-0.0927648,-0.113766,0.0962053,0.995044,0.0251219,0.110872,-0.0357947,0.99319
1714325885831307061,3.82557,-0.287406,-0.511818,-0.308844,3.86902,0.0692229,-0.0738202,Three,0.989165,-0.09277,-0.113786,0.0962115,0.995044,0.0251245,0.110891,-0.0357998,0.993188
1714325885837792167,3.8575,-0.294074,-0.515919,-0.310993,3.90169,0.0654864,-0.0740508,Three,0.989164,-0.0927517,-0.113802,0.0961955,0.995045,0.0251409,0.110906,-0.0358157,0.993185
1714325885843696624,3.85373,-0.297872,-0.515616,-0.335224,3.89828,0.0614245,-0.0739428,Three,0.98916,-0.0927692,-0.113825,0.0962147,0.995043,0.0251474,0.110928,-0.0358265,0.993182
1714325885849344353,3.88566,-0.304072,-0.51928,-0.339661,3.93086,0.0581651,-0.0737778,Three,0.989161,-0.0927512,-0.113835,0.0961974,0.995044,0.025152,0.110938,-0.03583,0.993181
1714325885854666204,3.85677,-0.305589,-0.515348,-0.378245,3.90197,0.053914,-0.07296,Three,0.98916,-0.092735,-0.11385,0.0961818,0.995046,0.0251521,0.110954,-0.0358298,0.993179
1714325885862259364,3.85529,-0.311011,-0.515213,-0.410881,3.90099,0.048453,-0.0727499,Three,0.989157,-0.0927535,-0.113863,0.0962014,0.995044,0.0251569,0.110965,-0.0358379,0.993178
1714325885870109745,3.95551,-0.324722,-0.527932,-0.389622,4.00285,0.0441772,-0.073883,Three,0.989159,-0.092766,-0.113835,0.0962137,0.995043,0.0251644,0.110936,-0.0358441,0.993181
1714325885876919775,3.91174,-0.325935,-0.521857,-0.437899,3.95897,0.0389839,-0.0728431,Three,0.989163,-0.0927859,-0.11379,0.0962319,0.995041,0.0251629,0.110891,-0.0358404,0.993186
1714325885883667115,3.91723,-0.331495,-0.522648,-0.462202,3.965,0.0339654,-0.0729119,Three,0.989165,-0.0927882,-0.113767,0.0962337,0.995041,0.0251652,0.110868,-0.0358408,0.993189
1714325885890226373,3.89588,-0.334268,-0.519018,-0.495165,3.94373,0.029271,-0.0717129,Three,0.989168,-0.0927965,-0.113732,0.096241,0.99504,0.0251675,0.110833,-0.0358406,0.993193
1714325885896752755,3.90114,-0.339409,-0.519139,-0.519056,3.94943,0.0247633,-0.0711417,Three,0.989168,-0.0928232,-0.113714,0.096266,0.995038,0.0251562,0.110815,-0.0358305,0.993195
1714325885903457444,3.92924,-0.346738,-0.522769,-0.532583,3.97831,0.0202035,-0.0713212,Three,0.989164,-0.0928526,-0.113727,0.0962948,0.995035,0.025145,0.110828,-0.0358238,0.993194
1714325885909878510,3.92605,-0.351097,-0.522606,-0.554702,3.97555,0.0156591,-0.07126,Three,0.989159,-0.0928752,-0.113752,0.0963163,0.995034,0.0251262,0.110853,-0.03581,0.993191
1714325885923433654,3.95031,-0.362563,-0.525351,-0.609615,4.00091,0.00665141,-0.0710379,Three,0.98916,-0.0929101,-0.113715,0.09635,0.99503,0.0251256,0.110816,-0.0358097,0.993196
1714325885930140690,3.95362,-0.00863883,-0.518783,0.759114,3.97055,0.359305,-0.0769074,Three,0.989162,-0.0929121,-0.113693,0.096351,0.99503,0.025123,0.110794,-0.0358051,0.993198
1714325885930140690,3.99959,-0.371291,-0.531678,-0.633167,4.05118,0.00256101,-0.0716361,Three,0.989162,-0.0929121,-0.113693,0.096351,0.99503,0.025123,0.110794,-0.0358051,0.993198
1714325885936265705,3.95005,-0.0135118,-0.51915,0.738617,3.96752,0.354089,-0.0774769,Three,0.989162,-0.0929082,-0.113698,0.0963475,0.995031,0.0251257,0.110798,-0.0358079,0.993198
1714325885949712400,3.91629,-0.0251577,-0.516039,0.697205,3.93486,0.339375,-0.0775482,Three,0.989156,-0.0929185,-0.113736,0.0963563,0.99503,0.0250988,0.110839,-0.0357858,0.993194
1714325885956349269,3.8591,-0.0305111,-0.509227,0.690959,3.878,0.328682,-0.0768824,Three,0.989156,-0.0929113,-0.113747,0.096348,0.995032,0.0250859,0.110852,-0.0357732,0.993193
1714325885962704900,3.92453,-0.0368164,-0.518673,0.644935,3.94439,0.328476,-0.0787524,Three,0.989155,-0.0929112,-0.113756,0.0963486,0.995031,0.0250901,0.11086,-0.0357782,0.993192
1714325885969212134,3.88806,-0.0425933,-0.514311,0.635539,3.90835,0.319347,-0.0782707,Three,0.989154,-0.0929178,-0.113754,0.0963572,0.99503,0.0251085,0.110856,-0.0357972,0.993192
1714325885975858346,3.88789,-0.0489223,-0.514616,0.609788,3.90881,0.312999,-0.078354,Three,0.989155,-0.0929109,-0.113757,0.0963507,0.995031,0.0251106,0.110859,-0.0357988,0.993191
1714325885982730341,3.89511,-0.055691,-0.516508,0.578881,3.91679,0.306955,-0.0791141,Three,0.989152,-0.0929209,-0.113776,0.0963598,0.99503,0.0250963,0.110878,-0.0357875,0.993189
1714325885989327525,3.86525,-0.0615757,-0.513538,0.566496,3.88747,0.298277,-0.0792472,Three,0.989151,-0.0929158,-0.11378,0.0963552,0.99503,0.0250996,0.110883,-0.0357907,0.993189
1714325885995816128,3.90936,-0.0688352,-0.519502,0.5198,3.93245,0.295069,-0.0801782,Three,0.989158,-0.0928958,-0.113741,0.096336,0.995032,0.0251203,0.110842,-0.0358053,0.993193
1714325886002461369,3.89432,-0.0754459,-0.517834,0.498673,3.918,0.287097,-0.080143,Three,0.989163,-0.0929011,-0.113693,0.0963404,0.995031,0.0251283,0.110794,-0.0358093,0.993198
1714325886009382095,3.87403,-0.0823448,-0.514963,0.480984,3.89824,0.278375,-0.0793355,Three,0.989163,-0.0929081,-0.113683,0.0963474,0.99503,0.0251311,0.110783,-0.0358118,0.993199
1714325886016080156,3.74271,-0.0867295,-0.497051,-0.440687,3.76671,0.261897,-0.0759216,Three,0.989161,-0.0929308,-0.113687,0.0963703,0.995028,0.0251301,0.110787,-0.0358138,0.993199
1714325886022814139,3.81346,-0.0952876,-0.507889,0.461156,3.83872,0.259961,-0.0786293,Three,0.989163,-0.0929401,-0.113664,0.0963777,0.995028,0.0251196,0.110764,-0.035802,0.993202
1714325886029462185,3.80332,-0.102095,-0.506681,0.443221,3.82918,0.252197,-0.0784252,Three,0.989167,-0.0929297,-0.113633,0.096365,0.995029,0.0251104,0.110735,-0.0357887,0.993205
1714325886035875866,3.78083,-0.108348,-0.504061,0.425415,3.80722,0.243877,-0.0781688,Three,0.989169,-0.0929312,-0.113612,0.0963649,0.995029,0.0251019,0.110714,-0.0357782,0.993208
1714325886042452538,3.81356,-0.11651,-0.508416,0.379085,3.84084,0.23883,-0.0786639,Three,0.989171,-0.0929396,-0.11359,0.0963722,0.995029,0.0250994,0.110692,-0.0357745,0.993211
1714325886049056939,3.80234,-0.123421,-0.507112,0.357137,3.83024,0.230901,-0.0784411,Three,0.989173,-0.0929396,-0.113571,0.0963734,0.995028,0.0251158,0.110672,-0.035789,0.993212
1714325886055691678,3.77982,-0.130036,-0.504522,0.346596,3.80828,0.222219,-0.0781711,Three,0.989174,-0.092942,-0.113559,0.0963762,0.995028,0.0251241,0.110659,-0.0357966,0.993214
1714325886062085724,3.81886,-0.138633,-0.510102,0.268903,3.84833,0.217295,-0.07908,Three,0.989174,-0.0929438,-0.113561,0.0963783,0.995028,0.0251258,0.110661,-0.0357985,0.993213
1714325886068857409,3.79435,-0.145106,-0.507053,0.269333,3.82435,0.208543,-0.0785934,Three,0.989177,-0.0929376,-0.113544,0.0963715,0.995028,0.025126,0.110645,-0.0357965,0.993215
1714325886075859537,3.77178,-0.152185,-0.50458,0.267216,3.80239,0.199357,-0.0784085,Three,0.989178,-0.0929305,-0.113537,0.0963647,0.995029,0.0251305,0.110638,-0.0357996,0.993216
1714325886082796620,3.75221,-0.158701,-0.502567,0.262997,3.78341,0.190904,-0.0783016,Three,0.98918,-0.0928949,-0.113547,0.0963307,0.995032,0.025144,0.110647,-0.03581,0.993214
1714325886089534803,3.75641,-0.166301,-0.503631,0.216425,3.7884,0.183637,-0.0786571,Three,0.989183,-0.0928739,-0.113538,0.0963107,0.995033,0.0251572,0.110638,-0.03582,0.993215
1714325886096403078,3.74551,-0.173718,-0.502679,0.201701,3.7782,0.175251,-0.0787331,Three,0.989185,-0.0928797,-0.113517,0.0963161,0.995033,0.0251597,0.110616,-0.0358211,0.993217
1714325886103126189,3.71528,-0.179721,-0.499092,0.212997,3.74845,0.166451,-0.0783468,Three,0.989187,-0.0928789,-0.113504,0.0963144,0.995033,0.0251567,0.110604,-0.0358167,0.993219
1714325886109814127,3.73203,-0.187829,-0.501552,0.163464,3.76604,0.159995,-0.0787054,Three,0.989187,-0.0928954,-0.11349,0.0963313,0.995031,0.0251641,0.110588,-0.0358246,0.99322
1714325886116548751,3.70267,-0.193916,-0.4982,0.199937,3.73718,0.151206,-0.0783954,Three,0.989186,-0.0928988,-0.113493,0.096336,0.99503,0.025175,0.11059,-0.0358362,0.99322
1714325886123591982,3.68785,-0.201159,-0.4967,-0.0321839,3.72303,0.142498,-0.0781946,Three,0.989186,-0.0928682,-0.113516,0.0963063,0.995033,0.0251764,0.110614,-0.0358365,0.993217
1714325886130152117,3.69642,-0.208493,-0.498244,0.152576,3.73236,0.13597,-0.0785445,Three,0.989188,-0.0928639,-0.113508,0.0963005,0.995034,0.0251661,0.110608,-0.0358249,0.993218
1714325886136626550,3.69041,-0.21546,-0.497401,0.121523,3.72697,0.128546,-0.0781686,Three,0.989187,-0.0928817,-0.113496,0.0963181,0.995032,0.0251663,0.110595,-0.0358259,0.99322
1714325886142801346,3.67973,-0.222016,-0.496198,0.0972656,3.71688,0.120999,-0.0779553,Three,0.989189,-0.0928755,-0.113487,0.0963116,0.995033,0.0251675,0.110586,-0.0358255,0.993221
1714325886148656288,3.67868,-0.228232,-0.495961,0.101788,3.7164,0.114613,-0.0776745,Three,0.989194,-0.0928477,-0.11347,0.0962837,0.995036,0.0251738,0.110569,-0.035827,0.993223
1714325886154398974,3.69091,-0.235765,-0.49766,0.111193,3.72938,0.10836,-0.0776873,Three,0.989189,-0.0928758,-0.113484,0.0963107,0.995033,0.0251582,0.110584,-0.035816,0.993221
1714325886159952399,3.69123,-0.242186,-0.497602,0.106435,3.73029,0.101981,-0.0774343,Three,0.989192,-0.0928706,-0.113465,0.0963053,0.995034,0.0251626,0.110565,-0.0358179,0.993223
1714325886167551703,3.66257,-0.249256,-0.494186,0.0964445,3.70221,0.092206,-0.0768472,Three,0.98919,-0.0928517,-0.113494,0.0962872,0.995036,0.0251611,0.110595,-0.0358172,0.99322
1714325886174490170,3.69077,-0.259248,-0.497528,0.095311,3.73141,0.0849302,-0.076663,Three,0.989189,-0.0928611,-0.113502,0.0962972,0.995034,0.025164,0.110601,-0.0358219,0.993219
1714325886180118643,3.68532,-0.265239,-0.496863,0.125755,3.7265,0.0784566,-0.0762906,Three,0.989186,-0.0928593,-0.113529,0.0962978,0.995034,0.0251763,0.110627,-0.0358366,0.993216
1714325886187863108,3.67794,-0.274013,-0.496169,0.0815288,3.71994,0.0690392,-0.0761801,Three,0.989188,-0.0928613,-0.113508,0.0962972,0.995035,0.0251604,0.110608,-0.0358188,0.993218
1714325886195159631,3.67652,-0.282505,-0.495966,0.0543613,3.7193,0.0604905,-0.0758715,Three,0.989188,-0.0928709,-0.113498,0.0963092,0.995033,0.0251839,0.110595,-0.0358425,0.993219
1714325886201062201,3.67903,-0.289818,-0.496037,0.0573963,3.72247,0.0534996,-0.075434,Three,0.989188,-0.0928836,-0.11349,0.0963229,0.995031,0.0251949,0.110586,-0.0358542,0.99322
1714325886207042666,3.6982,-0.298668,-0.498939,0.0557916,3.74258,0.0463467,-0.0758237,Three,0.989189,-0.0928512,-0.113504,0.0962904,0.995034,0.0251907,0.110601,-0.0358477,0.993218
1714325886213012493,3.70155,-0.305985,-0.499167,0.032067,3.74661,0.0393094,-0.0754045,Three,0.989191,-0.0928311,-0.113506,0.0962696,0.995037,0.0251853,0.110605,-0.0358403,0.993218
1714325886219820652,3.58933,-0.306825,-0.484242,0.00041371,3.63398,0.0280849,-0.0729159,Three,0.989188,-0.0928413,-0.11352,0.09628,0.995036,0.0251817,0.110618,-0.0358391,0.993217
1714325886226847630,3.73753,-0.326139,-0.504284,0.0156086,3.78465,0.0226002,-0.0756096,Three,0.989186,-0.0928322,-0.113553,0.0962719,0.995036,0.0251815,0.110651,-0.0358411,0.993213
1714325886233738807,3.82209,-0.340703,-0.515376,-0.0585908,3.8709,0.0159477,-0.0767996,Three,0.989188,-0.0928269,-0.113539,0.0962663,0.995037,0.0251834,0.110638,-0.0358411,0.993214
1714325886304026063,3.79606,-0.431132,-0.512155,-0.250189,3.85317,-0.0766935,-0.0734385,Three,0.989199,-0.0927687,-0.113485,0.0962117,0.995041,0.025236,0.110581,-0.0358821,0.993219
1714325886322559672,3.81988,-0.458857,-0.514707,-0.348662,3.87961,-0.101946,-0.0723196,Three,0.989196,-0.0927965,-0.113492,0.0962415,0.995038,0.0252507,0.110585,-0.0359005,0.993218
1714325886327029268,3.857,-0.468186,-0.519826,-0.315989,3.91778,-0.107814,-0.0728809,Three,0.989194,-0.0927883,-0.113512,0.0962346,0.995038,0.0252559,0.110606,-0.0359068,0.993216
1714325886334597282,3.83403,-0.474843,-0.516141,-0.349675,3.89525,-0.116481,-0.0714791,Three,0.989191,-0.0928072,-0.113524,0.0962537,0.995036,0.0252524,0.110617,-0.0359066,0.993214
1714325886342339582,3.6838,-0.464851,-0.494621,0.677222,3.74327,-0.120468,-0.0671493,Three,0.989193,-0.0928043,-0.113506,0.0962501,0.995037,0.0252525,0.110599,-0.0359047,0.993216
1714325886349418760,3.88225,-0.49975,-0.521529,-0.385995,3.94587,-0.136745,-0.070834,Three,0.989197,-0.0928127,-0.113466,0.096257,0.995036,0.0252511,0.110559,-0.0359003,0.993221
1714325886356567857,3.83728,-0.502929,-0.5151,-0.435394,3.90095,-0.144083,-0.0693385,Three,0.989198,-0.0928104,-0.113458,0.0962531,0.995037,0.0252393,0.110553,-0.0358874,0.993222
1714325886363211492,3.8879,-0.517761,-0.521254,-0.43837,3.9531,-0.154149,-0.0693211,Three,0.989199,-0.0928044,-0.113458,0.0962479,0.995037,0.0252477,0.110552,-0.0358951,0.993222
1714325886369756713,3.92219,-0.530452,-0.525715,-0.451031,3.9887,-0.163646,-0.0695468,Three,0.989202,-0.0927909,-0.113447,0.096236,0.995038,0.0252667,0.110539,-0.0359115,0.993223
1714325886376387760,3.85232,-0.529139,-0.516112,-0.501877,3.91837,-0.168857,-0.0677842,Three,0.989203,-0.0927818,-0.113445,0.0962271,0.995039,0.0252689,0.110538,-0.0359125,0.993223
1714325886382962139,3.90201,-0.543871,-0.521916,-0.51048,3.96954,-0.178897,-0.0675897,Three,0.989205,-0.0927788,-0.113429,0.096224,0.995039,0.0252729,0.110522,-0.0359147,0.993225
1714325886389982079,3.93447,-0.557085,-0.526267,-0.523177,4.00338,-0.188983,-0.0678693,Three,0.989204,-0.0927911,-0.113424,0.0962369,0.995037,0.0252792,0.110516,-0.0359218,0.993225
1714325886396868897,4.00099,-0.574992,-0.534567,-0.526529,4.07178,-0.200614,-0.0680317,Three,0.989202,-0.0927892,-0.113446,0.0962348,0.995038,0.0252715,0.110538,-0.035916,0.993223
1714325886403778862,3.89068,-0.567244,-0.51937,-0.59106,3.96022,-0.203153,-0.065378,Three,0.989201,-0.0927842,-0.113454,0.0962287,0.995039,0.0252582,0.110548,-0.035903,0.993222
1714325886411729793,4.07798,-0.235127,-0.53342,0.828496,4.11627,0.145019,-0.0706347,Three,0.989203,-0.0927932,-0.113434,0.0962362,0.995038,0.0252506,0.110528,-0.0358944,0.993225
1714325886411729793,4.00213,-0.59307,-0.533672,-0.585412,4.07449,-0.218453,-0.066419,Three,0.989203,-0.0927932,-0.113434,0.0962362,0.995038,0.0252506,0.110528,-0.0358944,0.993225
1714325886418385353,3.99125,-0.599486,-0.531935,-0.613784,4.06412,-0.225879,-0.0657553,Three,0.989206,-0.0927847,-0.113413,0.0962266,0.995039,0.0252489,0.110507,-0.0358897,0.993227
1714325886425210598,4.03736,-0.246606,-0.528784,0.78978,4.07663,0.129855,-0.0702652,Three,0.989206,-0.0928064,-0.113395,0.0962453,0.995038,0.025226,0.110491,-0.0358675,0.99323
1714325886425210598,4.00301,-0.60948,-0.532988,-0.635323,4.0768,-0.23463,-0.0652214,Three,0.989206,-0.0928064,-0.113395,0.0962453,0.995038,0.025226,0.110491,-0.0358675,0.99323
1714325886432141780,4.00183,-0.251403,-0.524682,0.775198,4.04146,0.121811,-0.0699683,Three,0.989206,-0.0928179,-0.11339,0.0962566,0.995037,0.0252257,0.110486,-0.0358679,0.99323
1714325886438840366,4.03709,-0.260821,-0.529889,0.737649,4.0778,0.115753,-0.0708723,Three,0.989203,-0.0928301,-0.113399,0.096272,0.995035,0.0252504,0.110492,-0.0358949,0.993229
1714325886445976396,3.997,-0.265847,-0.524826,0.72609,4.03804,0.107086,-0.0699955,Three,0.989199,-0.0928457,-0.113424,0.0962891,0.995033,0.0252552,0.110515,-0.0359039,0.993226
1714325886452613839,3.99888,-0.272805,-0.525872,0.701639,4.04067,0.100282,-0.070494,Three,0.989198,-0.092836,-0.113444,0.0962799,0.995034,0.0252539,0.110536,-0.0359035,0.993223
1714325886459734819,3.92788,-0.275348,-0.517359,0.697483,3.9697,0.0910867,-0.0697911,Three,0.989199,-0.092825,-0.113445,0.0962691,0.995035,0.025256,0.110537,-0.0359045,0.993223
1714325886466751905,3.93148,-0.283229,-0.518038,0.67229,3.97407,0.0835941,-0.069848,Three,0.9892,-0.0928308,-0.113429,0.0962742,0.995034,0.0252548,0.110521,-0.0359024,0.993225
1714325886473533561,3.95449,-0.292238,-0.521187,0.642622,3.99802,0.0768242,-0.0701187,Three,0.989199,-0.092845,-0.113426,0.0962863,0.995034,0.0252356,0.11052,-0.0358844,0.993226
1714325886480119521,3.95935,-0.29984,-0.52209,0.611714,4.00364,0.0697178,-0.0702225,Three,0.989199,-0.0928481,-0.113422,0.0962875,0.995034,0.0252201,0.110517,-0.0358688,0.993227
1714325886486824255,3.92255,-0.304083,-0.517155,0.604932,3.96707,0.0619819,-0.0693004,Three,0.989203,-0.0928252,-0.113406,0.0962665,0.995035,0.0252431,0.1105,-0.0358877,0.993228
1714325886493231644,3.92291,-0.311218,-0.517522,0.577567,3.96813,0.0549137,-0.0693677,Three,0.989203,-0.0928269,-0.113406,0.09627,0.995035,0.0252595,0.110498,-0.0359044,0.993228
1714325886499736860,3.91648,-0.317902,-0.516942,0.562569,3.96232,0.0477468,-0.0692441,Three,0.9892,-0.0928492,-0.113412,0.0962937,0.995032,0.0252688,0.110502,-0.0359167,0.993227
1714325886506384359,3.92078,-0.325726,-0.518413,0.528628,3.96747,0.0403712,-0.069897,Three,0.989198,-0.0928568,-0.113425,0.0963014,0.995032,0.0252647,0.110515,-0.0359147,0.993225
1714325886512779267,3.8824,-0.329428,-0.514029,0.531983,3.92936,0.0331058,-0.0695356,Three,0.989195,-0.0928563,-0.113454,0.096301,0.995032,0.025256,0.110545,-0.0359088,0.993222
1714325886519448566,3.89432,-0.338105,-0.516033,0.492975,3.94218,0.025628,-0.0697621,Three,0.989189,-0.0928701,-0.113488,0.0963162,0.99503,0.0252574,0.110579,-0.0359151,0.993218
1714325886526260017,3.93275,-0.348986,-0.52167,0.445426,3.98184,0.0183912,-0.0707225,Three,0.989189,-0.0928781,-0.113488,0.0963247,0.995029,0.0252609,0.110578,-0.0359195,0.993218
1714325886532976857,3.9258,-0.355047,-0.520751,0.460298,3.97543,0.011672,-0.0705555,Three,0.989195,-0.0928691,-0.113439,0.0963125,0.995031,0.0252491,0.11053,-0.0359019,0.993224
1714325886633497346,3.84786,-0.468098,-0.513591,0.339267,3.90801,-0.10831,-0.0683685,Three,0.98921,-0.0928296,-0.113345,0.0962677,0.995036,0.0252346,0.11044,-0.0358738,0.993235
1714325886639970185,3.79668,-0.468338,-0.507257,0.035628,3.85668,-0.113286,-0.0676898,Three,0.989208,-0.092837,-0.113353,0.0962758,0.995035,0.0252374,0.110447,-0.0358782,0.993234
1714325886646449667,3.67824,-0.45803,-0.491304,0.239295,3.73675,-0.114071,-0.0652925,Three,0.989209,-0.092826,-0.113353,0.0962655,0.995036,0.0252444,0.110447,-0.0358841,0.993234
1714325886653661737,3.76214,-0.478541,-0.502917,0.114077,3.82297,-0.126698,-0.0668271,Three,0.989209,-0.0928258,-0.113353,0.0962655,0.995035,0.0252459,0.110446,-0.0358854,0.993234
1714325886660514528,3.77464,-0.488181,-0.504404,0.0867702,3.8364,-0.135128,-0.0664929,Three,0.989207,-0.0928245,-0.113374,0.0962661,0.995035,0.0252572,0.110467,-0.0358987,0.993231
1714325886667291005,3.77515,-0.495946,-0.504627,0.160219,3.83765,-0.142782,-0.0663273,Three,0.989205,-0.0928317,-0.113387,0.0962768,0.995033,0.0252836,0.110476,-0.0359271,0.993229
1714325886674078732,3.75925,-0.501859,-0.502272,0.163533,3.8222,-0.150131,-0.0655166,Three,0.989204,-0.0928337,-0.11339,0.0962822,0.995032,0.0253122,0.110477,-0.0359563,0.993228
1714325886680957907,3.80373,-0.5158,-0.508723,0.172644,3.86823,-0.159951,-0.066564,Three,0.989207,-0.0928168,-0.113375,0.0962647,0.995034,0.0253137,0.110463,-0.0359545,0.99323
1714325886687783116,3.7483,-0.516136,-0.501305,0.206917,3.81259,-0.16548,-0.0653291,Three,0.989209,-0.0928044,-0.11337,0.0962498,0.995036,0.0252929,0.11046,-0.0359318,0.993231
1714325886694587922,3.80166,-0.531103,-0.508413,0.0957394,3.86756,-0.175501,-0.0659366,Three,0.989211,-0.0927827,-0.113375,0.0962286,0.995038,0.0252966,0.110465,-0.0359336,0.99323
1714325886701470408,3.77405,-0.535564,-0.504786,0.202605,3.84025,-0.182531,-0.0652671,Three,0.989212,-0.0927766,-0.113363,0.096223,0.995038,0.0253059,0.110453,-0.035941,0.993231
1714325886708565724,3.79329,-0.545923,-0.507646,0.214619,3.86057,-0.191063,-0.0656185,Three,0.989213,-0.0927756,-0.113361,0.0962219,0.995038,0.0253056,0.11045,-0.0359404,0.993232
1714325886715497423,3.79528,-0.554844,-0.508211,0.0672556,3.86343,-0.199719,-0.0655713,Three,0.98921,-0.0927865,-0.113378,0.096234,0.995037,0.0253102,0.110467,-0.0359479,0.993229
1714325886722088999,3.79889,-0.562965,-0.509004,-0.0190243,3.86785,-0.20743,-0.0656156,Three,0.989207,-0.0927968,-0.113391,0.0962464,0.995035,0.0253238,0.110478,-0.0359639,0.993228
1714325886728690290,3.8362,-0.575848,-0.513304,0.250285,3.90643,-0.216902,-0.0652887,Three,0.98921,-0.0927626,-0.113394,0.0962125,0.995039,0.0253283,0.110481,-0.0359649,0.993227
1714325886735426682,3.83054,-0.582501,-0.512895,0.304769,3.9014,-0.224213,-0.0652058,Three,0.989212,-0.0927218,-0.113409,0.096172,0.995042,0.0253281,0.110498,-0.0359616,0.993226
1714325886742131661,3.8484,-0.593022,-0.515347,0.312662,3.92031,-0.23308,-0.0652631,Three,0.989213,-0.0927083,-0.113414,0.09616,0.995043,0.0253404,0.110503,-0.0359729,0.993225
1714325886748833507,3.88155,-0.606209,-0.519743,0.0253318,3.95483,-0.243181,-0.0654442,Three,0.989213,-0.0926935,-0.113426,0.096145,0.995045,0.0253353,0.110516,-0.0359674,0.993223
1714325886755703569,3.84286,-0.608189,-0.51432,-0.0750719,3.91612,-0.248709,-0.0642663,Three,0.989212,-0.0926999,-0.113426,0.0961512,0.995044,0.0253332,0.110515,-0.0359659,0.993223
1714325886762389532,3.85263,-0.617349,-0.515422,-0.0997636,3.92676,-0.256953,-0.063908,Three,0.989212,-0.0926891,-0.113436,0.0961407,0.995045,0.0253331,0.110526,-0.0359657,0.993222
1714325886769041696,3.84617,-0.623729,-0.514941,-0.12982,3.9209,-0.264002,-0.0637655,Three,0.98921,-0.0926645,-0.113474,0.0961174,0.995048,0.0253336,0.110564,-0.0359671,0.993218
1714325886775850228,3.87695,-0.636362,-0.518583,-0.130487,3.95293,-0.273755,-0.063462,Three,0.98921,-0.0926517,-0.113488,0.0961067,0.995048,0.0253484,0.110578,-0.0359819,0.993216
1714325886782692469,3.89606,-0.647407,-0.521207,-0.141009,3.97315,-0.283063,-0.063461,Three,0.989209,-0.0926291,-0.113512,0.0960857,0.99505,0.025356,0.110601,-0.0359893,0.993213
1714325886789685779,3.89564,-0.655201,-0.520991,-0.163456,3.97343,-0.290949,-0.0629242,Three,0.989209,-0.0926042,-0.113533,0.0960621,0.995052,0.0253624,0.110623,-0.0359949,0.99321
1714325886796628544,3.8741,-0.659374,-0.518187,-0.207105,3.95219,-0.297059,-0.0623258,Three,0.989207,-0.0926142,-0.113545,0.0960727,0.995051,0.0253639,0.110634,-0.0359986,0.993209
1714325886803134538,3.90677,-0.672459,-0.521987,-0.214202,3.98616,-0.307009,-0.0619874,Three,0.989205,-0.0926207,-0.113552,0.096078,0.995051,0.0253505,0.110642,-0.0359868,0.993209
1714325886809823537,3.94735,-0.68682,-0.527891,-0.210744,4.0283,-0.317602,-0.0629052,Three,0.989208,-0.0926081,-0.113537,0.0960653,0.995052,0.0253553,0.110627,-0.0359886,0.99321
1714325886815507994,3.91237,-0.687038,-0.522988,-0.257069,3.99314,-0.321145,-0.0620605,Three,0.989215,-0.0925872,-0.113496,0.0960434,0.995054,0.0253603,0.110586,-0.0359873,0.993215
1714325886821236800,3.9105,-0.693031,-0.522372,-0.28025,3.99178,-0.327252,-0.0615318,Three,0.989217,-0.0925936,-0.113471,0.0960513,0.995053,0.0253814,0.11056,-0.0360067,0.993217
1714325886826949388,3.91581,-0.700241,-0.522646,-0.298382,3.99773,-0.333866,-0.0610331,Three,0.989218,-0.0926088,-0.113452,0.096067,0.995051,0.0253919,0.110539,-0.0360171,0.993219
1714325886832818593,3.94586,-0.712062,-0.526402,-0.307141,4.02899,-0.342739,-0.0611795,Three,0.98922,-0.0926344,-0.113412,0.0960906,0.995049,0.0253846,0.110499,-0.0360089,0.993224
1714325886838492303,3.9429,-0.717959,-0.526191,-0.330745,4.02659,-0.348824,-0.0611219,Three,0.98922,-0.0926501,-0.113403,0.096106,0.995047,0.0253845,0.11049,-0.0360096,0.993225
1714325886843949094,3.87382,-0.711237,-0.51673,-0.383796,3.95656,-0.348558,-0.0595034,Three,0.989218,-0.0926437,-0.113425,0.0961028,0.995047,0.025407,0.11051,-0.0360336,0.993222
1714325886859132551,3.93949,-0.739788,-0.524718,-0.413145,4.02507,-0.370693,-0.0593402,Three,0.989219,-0.0926868,-0.113378,0.0961461,0.995043,0.0254219,0.11046,-0.0360487,0.993227
1714325886866989773,3.96226,-0.752217,-0.527414,-0.430816,4.04906,-0.381028,-0.0591064,Three,0.989223,-0.0926658,-0.113364,0.0961254,0.995044,0.0254302,0.110446,-0.0360533,0.993228
1714325886872626371,4.00455,-0.766076,-0.532441,-0.434639,4.09274,-0.390898,-0.0588702,Three,0.989221,-0.0926609,-0.11338,0.0961194,0.995045,0.0254154,0.110463,-0.0360395,0.993227
1714325886879516457,3.9782,-0.76833,-0.528679,-0.4697,4.06646,-0.395581,-0.0579708,Three,0.989222,-0.0926603,-0.113378,0.0961189,0.995045,0.0254174,0.110461,-0.0360413,0.993227
1714325886886831107,3.97343,-0.775154,-0.52764,-0.497555,4.06226,-0.402714,-0.0572864,Three,0.989221,-0.0926822,-0.113365,0.0961369,0.995044,0.0253852,0.110451,-0.0360101,0.993229
1714325886893616200,3.99723,-0.786548,-0.530488,-0.513135,4.08719,-0.411798,-0.0570223,Three,0.989219,-0.0926909,-0.113379,0.096146,0.995044,0.0253833,0.110464,-0.0360105,0.993228
1714325886900681707,3.99009,-0.792506,-0.529817,-0.539571,4.0806,-0.418417,-0.0568546,Three,0.989217,-0.0926848,-0.113396,0.0961411,0.995044,0.0253881,0.110481,-0.0360164,0.993225
1714325886907801604,4.06879,-0.8152,-0.540012,-0.542314,4.16171,-0.433705,-0.0574384,Three,0.989217,-0.0926816,-0.113402,0.0961393,0.995044,0.0253992,0.110486,-0.0360277,0.993224
1714325886914844597,4.05764,-0.820101,-0.537712,-0.575286,4.15086,-0.439681,-0.0562027,Three,0.989219,-0.0926614,-0.113401,0.0961214,0.995045,0.0254223,0.110484,-0.0360485,0.993224
1714325886929035381,4.11208,-0.845474,-0.544306,-0.610104,4.20783,-0.459783,-0.0559301,Three,0.98922,-0.0926812,-0.113377,0.0961396,0.995043,0.0254151,0.110459,-0.0360411,0.993227
1714325886936080575,3.92948,-0.465601,-0.514714,0.774822,3.98863,-0.098711,-0.0603276,Three,0.989221,-0.0926518,-0.113394,0.0961112,0.995046,0.0254188,0.110477,-0.0360432,0.993225
1714325886955397660,3.93717,-0.491366,-0.516995,0.707149,3.99888,-0.123526,-0.0609341,Three,0.989221,-0.0926882,-0.113364,0.0961486,0.995042,0.0254361,0.110445,-0.0360617,0.993228
1714325886961522312,3.94207,-0.499746,-0.517951,0.68199,4.00461,-0.131443,-0.0610098,Three,0.98922,-0.0926822,-0.113371,0.0961453,0.995042,0.0254577,0.11045,-0.0360834,0.993226
1714325886966191059,3.96156,-0.508264,-0.520574,0.656463,4.02498,-0.138169,-0.0610878,Three,0.98922,-0.0926676,-0.113387,0.0961339,0.995042,0.0254827,0.110463,-0.0361083,0.993224
1714325886973743670,3.93573,-0.514961,-0.517786,0.637859,3.99973,-0.147213,-0.060948,Three,0.98922,-0.092676,-0.113383,0.0961425,0.995041,0.0254858,0.110458,-0.0361119,0.993224
1714325886981577413,3.86011,-0.51619,-0.50735,-0.364551,3.92387,-0.155386,-0.0588606,Three,0.989218,-0.0926893,-0.11339,0.0961574,0.99504,0.025496,0.110464,-0.0361244,0.993223
1714325886987958646,3.89755,-0.528712,-0.513931,0.602843,3.96281,-0.16441,-0.0607394,Three,0.989216,-0.09269,-0.113407,0.0961596,0.995039,0.0255042,0.11048,-0.0361343,0.993221
1714325886994526629,3.89118,-0.536563,-0.512963,0.579722,3.95713,-0.172804,-0.0601046,Three,0.989213,-0.0926907,-0.11343,0.0961621,0.995039,0.0255134,0.110502,-0.0361458,0.993218
1714325887001292680,3.88945,-0.545482,-0.513642,0.553131,3.95632,-0.181924,-0.0606446,Three,0.989214,-0.0926753,-0.11343,0.0961473,0.99504,0.0255196,0.110503,-0.0361504,0.993218
1714325887007926632,3.89052,-0.554796,-0.514074,0.52512,3.95829,-0.191105,-0.0606819,Three,0.989216,-0.0926746,-0.113414,0.0961466,0.99504,0.0255247,0.110486,-0.0361539,0.99322
1714325887014646028,3.91852,-0.567853,-0.518321,0.478265,3.98767,-0.201429,-0.0613975,Three,0.989216,-0.0926968,-0.113399,0.0961692,0.995037,0.0255324,0.110469,-0.0361625,0.993221
1714325887020898911,3.88521,-0.572033,-0.51384,0.480098,3.95461,-0.208539,-0.060628,Three,0.989217,-0.0927328,-0.113361,0.0962047,0.995034,0.0255387,0.110429,-0.0361691,0.993226
1714325887027215045,3.89999,-0.583106,-0.516328,0.425,3.97054,-0.218193,-0.0611252,Three,0.989218,-0.0927348,-0.113346,0.0962065,0.995034,0.0255409,0.110414,-0.0361701,0.993227
1714325887034132091,3.8911,-0.591456,-0.515865,0.401103,3.96246,-0.227439,-0.0613174,Three,0.98922,-0.0927109,-0.113352,0.0961825,0.995036,0.0255397,0.110422,-0.0361668,0.993227
1714325887041182237,3.87132,-0.598266,-0.513533,0.392898,3.94327,-0.236044,-0.0610282,Three,0.989222,-0.092715,-0.113331,0.0961843,0.995036,0.0255257,0.110401,-0.0361512,0.993229
1714325887048631727,3.87654,-0.609771,-0.514585,0.350972,3.94961,-0.247035,-0.0611552,Three,0.989224,-0.0927109,-0.113312,0.096179,0.995037,0.025521,0.110384,-0.0361443,0.993232
1714325887055169253,3.83218,-0.612238,-0.509253,0.363337,3.90536,-0.253485,-0.0607051,Three,0.989222,-0.0927459,-0.113304,0.0962124,0.995034,0.0255079,0.110376,-0.0361342,0.993233
1714325887061789293,3.83813,-0.622383,-0.510289,0.327758,3.91231,-0.262912,-0.0608156,Three,0.989222,-0.0927773,-0.113279,0.0962417,0.995031,0.0254959,0.11035,-0.0361232,0.993236
1714325887068411489,3.84479,-0.633014,-0.511129,0.266503,3.91997,-0.272936,-0.0606487,Three,0.989227,-0.0927621,-0.113248,0.0962261,0.995033,0.0255029,0.11032,-0.0361256,0.993239
1714325887075308144,3.8081,-0.636841,-0.506734,0.0726207,3.88353,-0.28018,-0.0601771,Three,0.989227,-0.0927572,-0.113253,0.0962206,0.995033,0.0254954,0.110325,-0.036118,0.993239
1714325887082008988,3.80258,-0.645105,-0.506322,0.222117,3.8788,-0.288869,-0.0599977,Three,0.989223,-0.0927705,-0.113273,0.096235,0.995032,0.0254982,0.110345,-0.0361243,0.993237
1714325887088913296,3.8019,-0.654895,-0.506575,0.209127,3.87907,-0.298676,-0.0600197,Three,0.989225,-0.0927731,-0.113258,0.0962407,0.995031,0.0255309,0.110327,-0.0361558,0.993238
1714325887095830130,3.78497,-0.66182,-0.504604,0.207679,3.86274,-0.307064,-0.059775,Three,0.989226,-0.0927954,-0.113233,0.096263,0.995028,0.0255382,0.110301,-0.0361632,0.99324
