t,x,y,z,odom_yaw,cx,cy,cz,label,rot1,rot2,rot3,rot4,rot5,rot6,rot7,rot8,rot9
1713619299061261032,3.73552,0.161528,0.967078,-0.635908,3.83307,0.413083,0.228747,Two,0.977988,-0.068017,0.197264,0.0757493,0.996616,-0.0319119,-0.194426,0.0461521,0.979831
1713619299109529498,3.69027,0.134734,0.955189,-0.466632,3.78835,0.382914,0.2246,Two,0.977991,-0.0679121,0.197286,0.0756672,0.996619,-0.0320317,-0.194443,0.0462548,0.979823
1713619299116560395,3.69708,0.131098,0.957139,-0.440942,3.79563,0.379804,0.225027,Two,0.97799,-0.0679293,0.197287,0.0756884,0.996616,-0.0320502,-0.194442,0.0462771,0.979822
1713619299125389089,3.70566,0.12597,0.958511,-0.396505,3.80463,0.375479,0.224465,Two,0.977987,-0.0679753,0.197286,0.0757296,0.996614,-0.0320211,-0.194441,0.0462566,0.979823
1713619299132617404,3.71632,0.122504,0.961199,-0.359177,3.81581,0.372783,0.22489,Two,0.977988,-0.0679842,0.197278,0.0757342,0.996614,-0.0320007,-0.194434,0.046237,0.979825
1713619299142510820,3.68847,0.115808,0.954031,-0.333258,3.78762,0.364213,0.222971,Two,0.977989,-0.0679778,0.197275,0.075721,0.996616,-0.031968,-0.194434,0.0462022,0.979827
1713619299149829244,3.69013,0.111203,0.955064,-0.300183,3.78974,0.359822,0.223553,Two,0.977992,-0.0680064,0.197247,0.0757458,0.996615,-0.0319526,-0.194407,0.04619,0.979833
1713619299158974776,3.70327,0.106038,0.958362,-0.236717,3.8036,0.355491,0.223881,Two,0.977988,-0.0679865,0.197276,0.0757291,0.996616,-0.0319638,-0.194436,0.0461998,0.979827
1713619299166127398,3.67489,0.101146,0.950764,-0.227963,3.7747,0.348663,0.221634,Two,0.977984,-0.0679737,0.197301,0.0757203,0.996616,-0.031979,-0.19446,0.0462146,0.979821
1713619299175585867,3.68155,0.0955653,0.953019,-0.174772,3.78205,0.343491,0.222043,Two,0.977971,-0.0679599,0.197366,0.0757114,0.996617,-0.0319891,-0.194524,0.0462272,0.979808
1713619299182647048,3.63791,0.0902728,0.942229,-0.176555,3.73762,0.335109,0.219708,Two,0.977974,-0.0679211,0.197367,0.0756764,0.996618,-0.0320122,-0.194526,0.0462431,0.979807
1713619299191600416,3.63359,0.0846138,0.941423,-0.125769,3.73363,0.329017,0.219462,Two,0.977975,-0.0678801,0.197375,0.0756363,0.996621,-0.0320183,-0.194535,0.0462419,0.979805
1713619299198795016,3.64286,0.0799881,0.943629,-0.0347424,3.74345,0.325108,0.219526,Two,0.97797,-0.0678977,0.197397,0.0756533,0.99662,-0.0320088,-0.194556,0.0462374,0.979801
1713619299207397409,3.6009,0.0732762,0.932853,-0.0848638,3.70074,0.315646,0.216741,Two,0.977964,-0.0679121,0.197418,0.0756686,0.996619,-0.0320068,-0.194577,0.0462399,0.979797
1713619299214883769,3.58143,0.0684949,0.927949,-0.0992065,3.68105,0.309514,0.215593,Two,0.97797,-0.067899,0.197393,0.0756533,0.996621,-0.0320025,-0.194553,0.0462309,0.979802
1713619299225384471,3.54647,0.0614095,0.919291,-0.0799318,3.64563,0.300001,0.213778,Two,0.977982,-0.0678797,0.197342,0.0756356,0.996621,-0.032025,-0.194502,0.046246,0.979811
1713619299232848409,3.54205,0.0571065,0.918329,-0.0409828,3.64143,0.295184,0.213532,Two,0.977988,-0.0678191,0.197331,0.0755777,0.996625,-0.0320474,-0.194492,0.0462558,0.979813
1713619299241978750,3.51805,0.0510362,0.912373,0.0378051,3.6172,0.287465,0.212028,Two,0.977986,-0.0678068,0.197348,0.0755705,0.996625,-0.0320698,-0.194507,0.0462775,0.979809
1713619299249230807,3.50242,0.0459895,0.908992,-0.0336835,3.60159,0.281391,0.211469,Two,0.977982,-0.0678146,0.197363,0.0755811,0.996623,-0.03208,-0.194521,0.0462905,0.979806
1713619299258219088,3.50345,0.0402791,0.909465,-7.51513e-06,3.60306,0.2758,0.211555,Two,0.977986,-0.0678271,0.197341,0.0755952,0.996622,-0.0320922,-0.194498,0.0463038,0.979809
1713619299265588009,3.48914,0.0351438,0.905629,0.0459971,3.58865,0.26982,0.210336,Two,0.977983,-0.0678538,0.197344,0.0756215,0.99662,-0.0320867,-0.194499,0.0463036,0.979809
1713619299274800137,3.4825,0.0293535,0.904211,-0.018483,3.58227,0.26362,0.210082,Two,0.977989,-0.0678618,0.197312,0.0756252,0.99662,-0.0320718,-0.194468,0.0462876,0.979816
1713619299282620723,3.48774,0.0249366,0.9055,-0.0166245,3.58794,0.259538,0.210156,Two,0.977992,-0.0678524,0.197302,0.075614,0.996621,-0.0320661,-0.19446,0.0462792,0.979818
1713619299291757761,3.48622,0.0191069,0.905815,-0.00411722,3.58695,0.253303,0.210347,Two,0.977991,-0.0677662,0.197337,0.075528,0.996628,-0.0320667,-0.194498,0.0462653,0.979811
1713619299299071703,3.47244,0.014848,0.902449,-0.0207714,3.5731,0.248027,0.209529,Two,0.977992,-0.067739,0.197338,0.075503,0.996629,-0.0320804,-0.194499,0.046274,0.979811
1713619299308445806,3.48902,0.00888394,0.907388,-0.0118415,3.59069,0.243203,0.210824,Two,0.977989,-0.0677468,0.197351,0.0755141,0.996628,-0.032093,-0.194511,0.0462894,0.979807
1713619299315825095,3.48503,0.00395347,0.906515,-0.0134231,3.58695,0.238081,0.210475,Two,0.977985,-0.0677657,0.197364,0.0755374,0.996626,-0.0321103,-0.194522,0.0463117,0.979804
1713619299324947888,3.48831,-0.00172431,0.907894,-0.0140187,3.59083,0.232521,0.210962,Two,0.977989,-0.0677374,0.197353,0.0755111,0.996627,-0.0321255,-0.194512,0.0463207,0.979806
1713619299332022547,3.5025,-0.00633774,0.911544,-0.0150162,3.60573,0.228897,0.211614,Two,0.977991,-0.0677437,0.197341,0.0755175,0.996627,-0.032129,-0.194499,0.0463245,0.979808
1713619299341067113,3.50841,-0.0122383,0.913832,-0.0562027,3.61234,0.223577,0.212495,Two,0.977991,-0.0677974,0.197327,0.0755729,0.996622,-0.0321355,-0.194482,0.0463407,0.979811
1713619299348633308,3.52282,-0.0171256,0.91818,-0.0217869,3.62762,0.219813,0.213637,Two,0.977982,-0.0678405,0.197353,0.0756201,0.996618,-0.0321458,-0.194505,0.0463619,0.979805
1713619299357780609,3.54537,-0.0230426,0.925031,0.0203675,3.65144,0.215396,0.215632,Two,0.977979,-0.0678391,0.197369,0.0756218,0.996618,-0.0321574,-0.19452,0.0463746,0.979802
1713619299365236039,3.55502,-0.0275498,0.927624,-0.0663737,3.66169,0.21149,0.21614,Two,0.977983,-0.0678229,0.197354,0.0756039,0.996619,-0.0321542,-0.194506,0.0463671,0.979805
1713619299374142142,3.57866,-0.0333169,0.934528,0.0251415,3.68658,0.207061,0.218008,Two,0.977987,-0.0677548,0.197359,0.0755338,0.996625,-0.0321495,-0.194514,0.046349,0.979804
1713619299381592588,3.59563,-0.0381867,0.939273,0.0618774,3.70445,0.20322,0.219087,Two,0.977987,-0.0677232,0.19737,0.0755041,0.996627,-0.0321592,-0.194526,0.0463535,0.979801
1713619299390628205,3.60726,-0.0437907,0.943329,0.126434,3.71701,0.198376,0.220502,Two,0.977986,-0.0677199,0.197378,0.0754985,0.996628,-0.0321464,-0.194536,0.0463405,0.9798
1713619299397850616,3.61514,-0.0480008,0.945563,-0.182222,3.72543,0.194752,0.220998,Two,0.977986,-0.0677333,0.19737,0.0755109,0.996627,-0.0321416,-0.194527,0.0463376,0.979802
1713619299406776992,3.64119,-0.053806,0.953032,-0.212279,3.75278,0.190678,0.222956,Two,0.977985,-0.0677295,0.197376,0.075509,0.996627,-0.03215,-0.194533,0.0463459,0.9798
1713619299414710464,3.70613,-0.0595635,0.970843,-0.15909,3.82021,0.189145,0.227467,Two,0.977986,-0.0676955,0.197385,0.0754737,0.99663,-0.0321449,-0.194544,0.0463346,0.979799
1713619299423850730,3.72006,-0.0653024,0.974931,-0.216162,3.83502,0.184199,0.22862,Two,0.977995,-0.0676585,0.197352,0.0754347,0.996632,-0.0321462,-0.194512,0.046326,0.979806
1713619299431056159,3.65673,-0.0682102,0.958838,-0.324216,3.77011,0.177015,0.224989,Two,0.977994,-0.06765,0.197363,0.075423,0.996634,-0.0321281,-0.194525,0.0463068,0.979804
1713619299439991916,3.70432,-0.0746628,0.972521,-0.336149,3.81978,0.173935,0.228827,Two,0.977989,-0.067701,0.197367,0.0754681,0.996632,-0.0320929,-0.194529,0.0462814,0.979804
1713619299447636676,3.726,-0.079551,0.978585,-0.359584,3.84252,0.170586,0.230283,Two,0.977986,-0.0677203,0.197377,0.0754842,0.996631,-0.032072,-0.19454,0.0462648,0.979803
1713619299456475094,3.68974,-0.0838639,0.969676,-0.433469,3.80558,0.163826,0.228383,Two,0.977985,-0.0677175,0.197384,0.0754819,0.996631,-0.0320735,-0.194547,0.0462663,0.979801
1713619299463547740,3.69578,-0.0886292,0.972031,0.384656,3.81228,0.1593,0.229404,Two,0.977993,-0.0676784,0.197355,0.0754447,0.996633,-0.0320936,-0.194518,0.0462767,0.979807
1713619299472500753,3.68845,-0.0934996,0.970957,0.430614,3.80522,0.153901,0.229701,Two,0.978001,-0.0676734,0.197316,0.0754387,0.996634,-0.0320986,-0.19448,0.0462777,0.979814
1713619299479614533,3.69336,-0.0966612,0.972375,-0.534667,3.81051,0.151064,0.230044,Two,0.978004,-0.0676719,0.197303,0.0754379,0.996633,-0.032106,-0.194466,0.0462839,0.979817
1713619299488758897,3.76139,-0.104355,0.991596,0.454399,3.88135,0.147999,0.235423,Two,0.978009,-0.0676943,0.197269,0.0754539,0.996633,-0.0320794,-0.194433,0.0462587,0.979824
1713619299496113913,3.76167,-0.107394,0.991836,-0.571692,3.88188,0.144963,0.235442,Two,0.978009,-0.0676874,0.197273,0.0754431,0.996635,-0.0320589,-0.194439,0.0462368,0.979824
1713619299505218016,3.75096,-0.112998,0.989761,0.523312,3.87137,0.138798,0.235288,Two,0.978008,-0.0677319,0.197262,0.0754925,0.99663,-0.0320824,-0.194424,0.0462686,0.979826
1713619299512736931,3.78162,-0.117588,0.998878,0.53863,3.90346,0.136178,0.238104,Two,0.978012,-0.0677168,0.197248,0.0754818,0.99663,-0.0321096,-0.194409,0.0462923,0.979828
1713619299521634233,3.74991,-0.121195,0.991093,0.585678,3.87115,0.130392,0.236488,Two,0.978014,-0.067705,0.197244,0.0754711,0.996631,-0.0321168,-0.194405,0.0462969,0.979828
1713619299567645207,3.7918,0.21673,0.973986,-0.547948,3.88581,0.471298,0.227464,Three,0.978017,-0.0678126,0.197188,0.0755746,0.996623,-0.0320996,-0.194346,0.0462964,0.97984
1713619299573997199,3.79103,0.212041,0.973269,-0.525032,3.8852,0.466836,0.226822,Three,0.978019,-0.0678777,0.197159,0.0756382,0.996619,-0.0320926,-0.194314,0.0462999,0.979846
1713619299581624309,3.75423,0.204516,0.963457,-0.509519,3.84777,0.45696,0.224063,Three,0.97802,-0.0679027,0.197147,0.0756638,0.996617,-0.0320966,-0.194301,0.046308,0.979848
1713619299589720784,3.72178,0.197043,0.955622,-0.489735,3.81498,0.447358,0.22235,Three,0.978019,-0.0679149,0.197144,0.075672,0.996617,-0.0320759,-0.194299,0.0462892,0.97985
1713619299598858871,3.71218,0.189939,0.952975,-0.46167,3.80556,0.439654,0.221183,Three,0.978013,-0.0679182,0.197173,0.0756776,0.996616,-0.03208,-0.194327,0.0462962,0.979844
1713619299606208242,3.74635,0.186298,0.961392,-0.409208,3.8409,0.438258,0.222585,Three,0.978013,-0.0678964,0.197182,0.0756566,0.996618,-0.0320841,-0.194336,0.0462968,0.979842
1713619299615317167,3.70241,0.177149,0.95056,-0.394542,3.79641,0.426195,0.22005,Three,0.978011,-0.0679041,0.197191,0.0756645,0.996617,-0.0320821,-0.194346,0.0462971,0.97984
1713619299622713825,3.68711,0.170763,0.946234,-0.369844,3.78101,0.418881,0.218548,Three,0.978012,-0.0679239,0.197178,0.0756853,0.996615,-0.0320883,-0.194331,0.0463063,0.979842
1713619299631896552,3.69224,0.163788,0.947825,-0.323192,3.78683,0.412177,0.218827,Three,0.978015,-0.0679015,0.197168,0.0756661,0.996616,-0.0321089,-0.194321,0.046322,0.979844
1713619299639311206,3.66537,0.156738,0.940572,-0.30551,3.75958,0.403462,0.216685,Three,0.978017,-0.067932,0.197152,0.0756957,0.996614,-0.0321057,-0.194303,0.0463235,0.979847
1713619299647919843,3.67769,0.150253,0.943535,-0.250166,3.77265,0.397807,0.21707,Three,0.978026,-0.0679272,0.197108,0.0756927,0.996614,-0.0321257,-0.194258,0.0463394,0.979855
1713619299655849025,3.65488,0.143137,0.937539,-0.237093,3.74964,0.389126,0.215372,Three,0.978031,-0.0679138,0.197088,0.0756796,0.996614,-0.0321336,-0.194238,0.0463432,0.979859
1713619299664806578,3.63424,0.134765,0.932818,-0.202019,3.72908,0.379527,0.214179,Three,0.978017,-0.0679545,0.197141,0.0757267,0.99661,-0.032149,-0.194289,0.0463712,0.979848
1713619299672160841,3.60608,0.127582,0.9256,-0.201233,3.70061,0.370565,0.212228,Three,0.978014,-0.0679811,0.197148,0.0757564,0.996608,-0.0321603,-0.194293,0.0463885,0.979846
1713619299681420504,3.60847,0.12002,0.926538,-0.139682,3.70365,0.363188,0.21218,Three,0.978005,-0.0679824,0.19719,0.075763,0.996607,-0.0321768,-0.194333,0.0464088,0.979837
1713619299688811434,3.58584,0.112764,0.921376,-0.121908,3.68098,0.354593,0.211116,Three,0.977998,-0.068031,0.197208,0.0758093,0.996604,-0.0321563,-0.194351,0.0463991,0.979834
1713619299697746448,3.55923,0.104262,0.914375,-0.0992103,3.65414,0.344377,0.209104,Three,0.978001,-0.0680457,0.197191,0.0758246,0.996602,-0.0321617,-0.194332,0.0464061,0.979837
1713619299705190521,3.5412,0.0975703,0.909518,-0.0935308,3.63602,0.33635,0.207575,Three,0.978006,-0.0680059,0.197179,0.0757853,0.996605,-0.032171,-0.194322,0.0464067,0.979839
1713619299714025664,3.52313,0.0895801,0.905234,-0.0579164,3.61805,0.327064,0.206513,Three,0.978008,-0.0679802,0.197179,0.0757583,0.996607,-0.0321669,-0.194323,0.0463974,0.97984
1713619299721750290,3.49492,0.0823402,0.898452,0.139315,3.58962,0.317954,0.20501,Three,0.978007,-0.0679872,0.197181,0.0757659,0.996607,-0.032169,-0.194325,0.0464011,0.979839
1713619299731067692,3.46745,0.073663,0.891924,0.121858,3.56204,0.307542,0.203677,Three,0.978012,-0.0680181,0.197146,0.0757924,0.996605,-0.0321521,-0.194289,0.0463873,0.979847
1713619299738446338,3.46567,0.067616,0.891572,-0.040653,3.56064,0.301342,0.203489,Three,0.978018,-0.0680047,0.197119,0.0757758,0.996607,-0.0321438,-0.194264,0.0463741,0.979852
1713619299747399394,3.44456,0.0593837,0.886048,-0.0760717,3.53946,0.291759,0.201767,Three,0.978016,-0.0680149,0.197125,0.0757807,0.996607,-0.0321146,-0.194271,0.0463469,0.979852
1713619299754839986,3.43734,0.0528266,0.884755,-0.0529391,3.53257,0.284848,0.201632,Three,0.978015,-0.0680519,0.197117,0.0758158,0.996605,-0.0321032,-0.194263,0.046342,0.979854
1713619299763644695,3.42256,0.0449163,0.881006,-0.0609187,3.51792,0.275885,0.200541,Three,0.978021,-0.0680308,0.197095,0.0757956,0.996606,-0.0321157,-0.194241,0.0463487,0.979858
1713619299770627662,3.42684,0.0389091,0.882909,-0.019289,3.52289,0.270181,0.201325,Three,0.978022,-0.068037,0.197087,0.0758016,0.996606,-0.032116,-0.194233,0.0463496,0.97986
1713619299779917864,3.42582,0.0306001,0.883004,-0.0015441,3.52245,0.262073,0.201299,Three,0.978021,-0.0681089,0.19707,0.0758699,0.996601,-0.0320948,-0.194214,0.0463411,0.979864
1713619299787832598,3.42427,0.0238923,0.882968,0.0580394,3.52137,0.255447,0.201342,Three,0.978022,-0.0681606,0.197048,0.075922,0.996597,-0.0320972,-0.19419,0.046352,0.979868
1713619299796947905,3.43604,0.0161293,0.886221,-0.0232153,3.53404,0.248568,0.201967,Three,0.978025,-0.0681813,0.197026,0.0759431,0.996595,-0.0321026,-0.194167,0.0463599,0.979872
1713619299804699493,3.41152,0.00938273,0.880603,-0.0176323,3.50942,0.240098,0.200806,Three,0.97802,-0.0681614,0.197055,0.0759237,0.996597,-0.0321002,-0.194196,0.0463557,0.979867
1713619299813597470,3.41953,0.00171881,0.883458,-0.0198345,3.51835,0.232959,0.201588,Three,0.978015,-0.0681545,0.197083,0.0759163,0.996598,-0.0320915,-0.194225,0.0463478,0.979861
1713619299820873832,3.42416,-0.00467507,0.884578,0.00100762,3.52352,0.227011,0.201642,Three,0.978021,-0.0681865,0.19704,0.0759439,0.996596,-0.0320767,-0.194182,0.0463357,0.97987
1713619299830213836,3.42818,-0.0126731,0.886404,0.0218466,3.52835,0.219239,0.202428,Three,0.97803,-0.0681753,0.197,0.0759328,0.996596,-0.0320879,-0.194141,0.0463417,0.979878
1713619299838054804,3.45048,-0.0195204,0.892773,0.00409975,3.55188,0.213856,0.204012,Three,0.978031,-0.0681621,0.197003,0.0759211,0.996597,-0.0320957,-0.194145,0.0463473,0.979877
1713619299847265792,3.4564,-0.0275708,0.895013,0.0338316,3.55865,0.206333,0.204652,Three,0.978026,-0.0681956,0.197012,0.0759526,0.996595,-0.0320804,-0.194154,0.0463391,0.979876
1713619299854551488,3.46621,-0.0336726,0.898446,0.0296699,3.56935,0.200855,0.205768,Three,0.978024,-0.0681852,0.197028,0.0759407,0.996596,-0.0320701,-0.19417,0.0463277,0.979873
1713619299863619366,3.48248,-0.041468,0.903849,0.0590394,3.58686,0.194116,0.207448,Three,0.97802,-0.0681744,0.197053,0.0759295,0.996598,-0.032063,-0.194196,0.0463204,0.979868
1713619299870897110,3.49422,-0.0479851,0.907109,0.0786561,3.59943,0.188451,0.208004,Three,0.978016,-0.0681852,0.197068,0.0759392,0.996597,-0.0320529,-0.194212,0.0463134,0.979866
1713619299880031152,3.52792,-0.0564722,0.916516,0.0631282,3.63482,0.182389,0.210298,Three,0.978014,-0.0682221,0.197064,0.0759703,0.996596,-0.032021,-0.194209,0.046288,0.979868
1713619299887304441,3.54116,-0.062793,0.920822,0.0932425,3.64905,0.176946,0.211599,Three,0.978012,-0.0682173,0.197078,0.0759632,0.996597,-0.0320063,-0.194224,0.0462732,0.979865
1713619299895984713,3.56707,-0.0708606,0.928776,0.100012,3.6765,0.17083,0.213997,Three,0.978008,-0.0682743,0.197077,0.0760188,0.996593,-0.0319939,-0.194221,0.0462719,0.979866
1713619299902911375,3.57539,-0.0770493,0.931073,0.130507,3.6855,0.16541,0.214514,Three,0.978013,-0.0683281,0.197034,0.076072,0.996589,-0.0319962,-0.194176,0.0462814,0.979874
1713619299912041358,3.59985,-0.0853945,0.938234,0.158513,3.71139,0.15881,0.21652,Three,0.978017,-0.0683543,0.197003,0.0761019,0.996586,-0.0320199,-0.194142,0.0463083,0.97988
1713619299919963366,3.57299,-0.0903358,0.932168,-0.305015,3.68427,0.151895,0.215543,Three,0.978019,-0.0683152,0.197006,0.0760617,0.996589,-0.0320174,-0.194147,0.0462983,0.979879
1713619299928644655,3.60951,-0.0993895,0.942681,0.230659,3.72267,0.145481,0.218284,Three,0.978013,-0.0683598,0.197022,0.0761071,0.996586,-0.0320131,-0.194161,0.046304,0.979876
1713619299935682526,3.63262,-0.105801,0.949626,0.245977,3.74708,0.140777,0.220283,Three,0.978009,-0.0683998,0.197029,0.0761482,0.996582,-0.0320137,-0.194166,0.0463131,0.979875
1713619299944734573,3.65657,-0.114024,0.956416,0.274587,3.77238,0.134224,0.222041,Three,0.978015,-0.0684112,0.196995,0.0761586,0.996582,-0.0320152,-0.194131,0.0463142,0.979882
1713619299951930476,3.61191,-0.118335,0.945356,0.340387,3.72682,0.126867,0.219779,Three,0.978021,-0.0684085,0.196967,0.076154,0.996582,-0.0320132,-0.194103,0.0463093,0.979887
1713619299961111633,3.70129,-0.128371,0.970185,0.321938,3.81982,0.122777,0.226205,Three,0.978018,-0.0683805,0.196988,0.0761252,0.996584,-0.0320063,-0.194127,0.0462985,0.979883
1713619299968507515,3.54736,-0.127856,0.931611,-0.555475,3.66164,0.112961,0.218178,Three,0.978008,-0.06842,0.197025,0.0761628,0.996582,-0.0319841,-0.194163,0.0462867,0.979877
1713619299977533220,3.69267,-0.141022,0.969908,0.393833,3.8122,0.109835,0.226867,Three,0.978004,-0.0684601,0.19703,0.076204,0.996579,-0.0319841,-0.194167,0.0462951,0.979876
1713619299985010708,3.69672,-0.14694,0.9718,0.428133,3.81693,0.104213,0.227702,Three,0.978006,-0.0684679,0.19702,0.0762112,0.996579,-0.0319831,-0.194156,0.0462948,0.979878
1713619299993973940,3.68804,-0.153077,0.970248,0.466497,3.80856,0.0974351,0.227648,Three,0.97801,-0.0684566,0.197003,0.0762025,0.996579,-0.0320018,-0.194138,0.0463102,0.97988
1713619300001194751,3.71759,-0.159262,0.979395,0.483523,3.83969,0.0930194,0.230659,Three,0.978018,-0.0684015,0.196983,0.0761437,0.996583,-0.0319934,-0.194121,0.0462891,0.979885
1713619300010245473,3.714,-0.165439,0.979009,0.519111,3.83652,0.086527,0.230772,Three,0.978024,-0.0683824,0.196961,0.0761224,0.996585,-0.031989,-0.194101,0.0462791,0.979889
1713619300018018664,3.73032,-0.171447,0.984083,0.540195,3.8539,0.0814357,0.232246,Three,0.978024,-0.0683358,0.196974,0.0760823,0.996587,-0.0320237,-0.194113,0.0463062,0.979886
1713619300077288088,3.67749,0.153186,0.951538,-0.630019,3.77363,0.401907,0.225874,Four,0.978037,-0.06832,0.196916,0.0760691,0.996587,-0.0320521,-0.194054,0.0463273,0.979896
1713619300085277816,3.69341,0.149798,0.955359,-0.595414,3.79017,0.399657,0.226485,Four,0.978042,-0.0683325,0.196889,0.076085,0.996585,-0.0320744,-0.194025,0.0463504,0.979901
1713619300091387834,3.72066,0.147769,0.962692,-0.561946,3.8184,0.399501,0.228332,Four,0.978043,-0.0683413,0.19688,0.0760965,0.996584,-0.0320892,-0.194015,0.0463665,0.979902
1713619300100259757,3.78344,0.145538,0.978627,-0.502094,3.8831,0.40147,0.231629,Four,0.978042,-0.0683221,0.196888,0.0760781,0.996585,-0.0320936,-0.194023,0.0463679,0.9799
1713619300107625826,3.6559,0.13697,0.945396,-0.529328,3.75242,0.38413,0.223358,Four,0.978043,-0.0682776,0.196902,0.0760351,0.996588,-0.0321016,-0.194038,0.0463682,0.979898
1713619300116591836,3.64665,0.131966,0.943288,-0.502026,3.74332,0.378369,0.222781,Four,0.978042,-0.0682398,0.196921,0.0759999,0.996591,-0.032114,-0.194058,0.0463747,0.979893
1713619300123651773,3.7234,0.13077,0.963289,-0.436227,3.82241,0.382337,0.227423,Four,0.978043,-0.0682303,0.196919,0.0759854,0.996592,-0.0320901,-0.194059,0.0463484,0.979894
1713619300132467997,3.70992,0.125353,0.959034,-0.406869,3.80877,0.37599,0.225592,Four,0.978043,-0.0682127,0.196923,0.0759625,0.996595,-0.0320644,-0.194065,0.0463191,0.979894
1713619300139506315,3.65599,0.119622,0.945269,-0.408981,3.75369,0.366702,0.222335,Four,0.978044,-0.0682328,0.196914,0.0759782,0.996595,-0.0320423,-0.194057,0.0462999,0.979897
1713619300148430652,3.65376,0.114497,0.94499,-0.37324,3.75181,0.361374,0.222267,Four,0.978045,-0.0682187,0.196914,0.0759703,0.996594,-0.0320748,-0.194055,0.0463301,0.979896
1713619300155441304,3.65854,0.110466,0.945853,-0.348457,3.75693,0.35772,0.222024,Four,0.978045,-0.0682266,0.196908,0.075979,0.996593,-0.0320796,-0.194048,0.0463362,0.979897
1713619300164374730,3.62136,0.104158,0.936642,-0.334552,3.71918,0.348854,0.219988,Four,0.978051,-0.0682118,0.196885,0.0759546,0.996596,-0.032038,-0.19403,0.0462891,0.979903
1713619300171481434,3.66302,0.101337,0.947392,-0.277336,3.76225,0.34875,0.222263,Four,0.978051,-0.0681813,0.196896,0.075925,0.996599,-0.0320429,-0.194042,0.0462889,0.979901
1713619300180513385,3.65604,0.0957329,0.945216,-0.230273,3.75538,0.342636,0.221336,Four,0.978058,-0.0681643,0.196866,0.075907,0.9966,-0.0320463,-0.194013,0.0462866,0.979906
1713619300187740412,3.65742,0.0909418,0.945705,-0.200624,3.75714,0.338008,0.221409,Four,0.978061,-0.0681812,0.196846,0.0759242,0.996598,-0.0320517,-0.193991,0.0462938,0.97991
1713619300196774843,3.67307,0.0857722,0.950042,-0.0933082,3.77365,0.333956,0.222365,Four,0.978059,-0.0681933,0.196849,0.0759319,0.996599,-0.0320275,-0.193996,0.0462719,0.97991
1713619300203612941,3.66574,0.0811565,0.94846,-0.0618501,3.76649,0.3288,0.221962,Four,0.978057,-0.0681784,0.196864,0.0759145,0.9966,-0.0320128,-0.194012,0.0462552,0.979908
1713619300212818614,3.62034,0.0745386,0.93666,-0.0761764,3.72021,0.319181,0.218993,Four,0.978061,-0.0681914,0.196839,0.0759262,0.996599,-0.0320108,-0.193987,0.0462538,0.979913
1713619300220035755,3.58838,0.069502,0.928246,-0.0980116,3.68763,0.31203,0.216788,Four,0.978065,-0.0681991,0.196819,0.0759318,0.996599,-0.0320044,-0.193967,0.0462472,0.979917
1713619300229281492,3.57826,0.0628383,0.925939,0.0981899,3.67772,0.304783,0.216119,Four,0.97806,-0.0682221,0.196837,0.0759538,0.996598,-0.0319927,-0.193985,0.0462413,0.979914
1713619300236879981,3.56018,0.0575641,0.921951,0.0171153,3.65961,0.298416,0.215385,Four,0.978052,-0.0682577,0.196862,0.07599,0.996595,-0.0319868,-0.194008,0.0462443,0.979909
1713619300246083868,3.54519,0.0519334,0.918509,-0.0200184,3.64465,0.291758,0.21475,Four,0.978057,-0.0682549,0.196839,0.0759893,0.996595,-0.0320024,-0.193985,0.0462579,0.979913
1713619300254118114,3.51541,0.0464692,0.910721,-0.0318693,3.61437,0.284198,0.212733,Four,0.978064,-0.068229,0.196815,0.0759655,0.996596,-0.0320215,-0.19396,0.0462702,0.979918
1713619300263243156,3.50302,0.0409442,0.907826,-0.0271188,3.60206,0.277819,0.212011,Four,0.978062,-0.0682223,0.196824,0.0759616,0.996596,-0.0320341,-0.193969,0.0462824,0.979915
1713619300270567913,3.50156,0.0357657,0.907428,-0.0354781,3.60091,0.272593,0.211691,Four,0.978063,-0.0682312,0.196816,0.0759673,0.996596,-0.032019,-0.193962,0.0462682,0.979917
1713619300279676569,3.47562,0.0299078,0.900809,-0.0266107,3.57464,0.264974,0.20989,Four,0.97806,-0.0682232,0.196836,0.0759573,0.996597,-0.0320053,-0.193982,0.0462542,0.979914
1713619300287102944,3.50156,0.0256686,0.907834,-0.02396,3.60169,0.262348,0.211472,Four,0.978059,-0.068181,0.196853,0.0759143,0.996601,-0.0320007,-0.194002,0.0462426,0.979911
1713619300296235096,3.48762,0.0197106,0.904844,0.0298007,3.58787,0.255423,0.211061,Four,0.978065,-0.0681751,0.196829,0.0759066,0.996601,-0.0319984,-0.193978,0.0462371,0.979916
1713619300303511272,3.50016,0.0154966,0.908406,-0.0199182,3.60113,0.252012,0.211953,Four,0.978068,-0.0681607,0.196819,0.0758889,0.996603,-0.0319853,-0.19397,0.0462202,0.979918
1713619300312726097,3.48558,0.00938417,0.905511,-0.0193899,3.58671,0.245106,0.211619,Four,0.978061,-0.0682163,0.196833,0.0759464,0.996599,-0.0319862,-0.193982,0.0462332,0.979915
1713619300320091381,3.49812,0.00451006,0.908724,-0.0128451,3.59993,0.241119,0.212117,Four,0.978061,-0.0682222,0.196831,0.0759513,0.996599,-0.0319813,-0.19398,0.0462292,0.979916
1713619300329257494,3.49204,-0.00114233,0.907981,0.00115247,3.59422,0.235145,0.212313,Four,0.978059,-0.0682487,0.19683,0.075976,0.996597,-0.0319695,-0.193978,0.0462224,0.979916
1713619300336551941,3.50196,-0.00587832,0.910922,-0.0197226,3.60482,0.231112,0.213072,Four,0.97806,-0.0682561,0.196824,0.0759819,0.996597,-0.031963,-0.193973,0.0462168,0.979918
1713619300345581103,3.50481,-0.0119223,0.911849,0.0269625,3.6082,0.22537,0.213144,Four,0.978058,-0.0682826,0.196827,0.0760096,0.996595,-0.031966,-0.193974,0.0462253,0.979917
1713619300352880507,3.52225,-0.0166214,0.916602,0.0496036,3.62651,0.22189,0.21422,Four,0.978058,-0.0682926,0.196824,0.0760245,0.996593,-0.0319903,-0.193969,0.0462518,0.979917
1713619300362168706,3.54329,-0.0225358,0.923415,0.0178726,3.64883,0.217385,0.21653,Four,0.978057,-0.0682939,0.196826,0.0760245,0.996593,-0.0319826,-0.193972,0.0462444,0.979917
1713619300369928150,3.54397,-0.0270855,0.923702,-0.066195,3.64987,0.212811,0.216474,Four,0.978059,-0.068272,0.196825,0.0760038,0.996594,-0.0319914,-0.19397,0.0462489,0.979917
1713619300379239663,3.55831,-0.0331464,0.927817,-0.0792152,3.66511,0.207843,0.217444,Four,0.978056,-0.068303,0.196826,0.0760344,0.996592,-0.0319863,-0.19397,0.0462499,0.979917
1713619300386660037,3.58663,-0.0383633,0.935689,-0.097492,3.6947,0.204727,0.21945,Four,0.978054,-0.0683527,0.196821,0.0760839,0.996588,-0.0319817,-0.193963,0.0462547,0.979918
1713619300396160926,3.59466,-0.04431,0.938825,-0.147222,3.70358,0.199377,0.22072,Four,0.978054,-0.068372,0.196815,0.0761072,0.996586,-0.0320017,-0.193955,0.0462784,0.979918
1713619300403694061,3.60803,-0.0490358,0.942622,-0.172082,3.71772,0.195539,0.221615,Four,0.978053,-0.0683656,0.196818,0.0761017,0.996586,-0.0320057,-0.193958,0.0462815,0.979917
1713619300413043061,3.60521,-0.0547457,0.942157,-0.235837,3.71526,0.189744,0.221531,Four,0.978056,-0.0683922,0.196796,0.076127,0.996584,-0.0320021,-0.193935,0.0462813,0.979922
1713619300420401015,3.65226,-0.0605768,0.955577,0.173711,3.76431,0.187152,0.225237,Four,0.978052,-0.0684102,0.19681,0.0761485,0.996582,-0.0320149,-0.193947,0.046299,0.979919
1713619300429502307,3.64139,-0.0653367,0.952915,-0.288463,3.75347,0.181725,0.2246,Four,0.978055,-0.0684279,0.196789,0.0761682,0.99658,-0.0320281,-0.193925,0.0463143,0.979923
1713619300436802250,3.64754,-0.0696774,0.955132,-0.318816,3.76022,0.177777,0.225457,Four,0.978059,-0.068424,0.19677,0.0761644,0.996581,-0.0320339,-0.193905,0.0463179,0.979926
1713619300445975444,3.65594,-0.0752662,0.958144,-0.361549,3.76941,0.1728,0.226545,Four,0.978059,-0.0684378,0.196764,0.0761793,0.996579,-0.0320393,-0.193898,0.0463257,0.979927
1713619300452795778,3.68303,-0.0796807,0.9657,-0.36584,3.79769,0.170148,0.228492,Four,0.978061,-0.0684191,0.196764,0.0761632,0.99658,-0.0320542,-0.193898,0.0463371,0.979927
1713619300461895158,3.70925,-0.0855855,0.972945,-0.397154,3.82516,0.166011,0.230412,Four,0.97807,-0.0684166,0.196718,0.0761579,0.99658,-0.0320517,-0.193852,0.0463304,0.979936
1713619300469157310,3.65463,-0.0884004,0.95908,-0.472303,3.76919,0.159536,0.227513,Four,0.978081,-0.0684327,0.196659,0.0761759,0.996578,-0.0320737,-0.193791,0.0463513,0.979947
1713619300478177115,3.64563,-0.0930259,0.957727,-0.517377,3.76045,0.154116,0.227651,Four,0.978081,-0.0683878,0.196675,0.0761338,0.996581,-0.0320885,-0.193809,0.0463588,0.979943
1713619300485476913,3.67773,-0.0987542,0.96684,0.442502,3.79403,0.150593,0.230009,Four,0.978075,-0.0683965,0.196698,0.0761455,0.99658,-0.032097,-0.19383,0.046371,0.979939
1713619300494704862,3.69314,-0.103258,0.971475,-0.562187,3.81032,0.147271,0.231281,Four,0.978069,-0.0684317,0.196718,0.0761785,0.996578,-0.0320778,-0.19385,0.04636,0.979935
1713619300501536474,3.71627,-0.108792,0.978602,0.479272,3.83472,0.143466,0.233422,Four,0.97806,-0.0684769,0.196746,0.0762252,0.996575,-0.0320742,-0.193876,0.0463676,0.97993
1713619300510345273,3.77322,-0.115412,0.994186,0.492488,3.89394,0.140833,0.237313,Four,0.978056,-0.0685078,0.196755,0.0762559,0.996572,-0.0320678,-0.193884,0.0463679,0.979928
1713619300517538399,3.72528,-0.117625,0.982026,0.536757,3.8448,0.135412,0.234664,Four,0.978059,-0.0685212,0.196736,0.0762654,0.996572,-0.0320519,-0.193865,0.0463528,0.979932
1713619300526471015,3.75052,-0.123067,0.989478,0.562907,3.87132,0.131828,0.236904,Four,0.97806,-0.0685611,0.196716,0.076302,0.99657,-0.0320365,-0.193845,0.0463435,0.979937
1713619300533835858,3.79753,-0.128104,1.00251,0.573137,3.92021,0.129848,0.240296,Four,0.978062,-0.0685275,0.196722,0.0762687,0.996572,-0.0320393,-0.193852,0.0463402,0.979936
1713619300559194880,3.76025,0.224383,0.965975,-0.656588,3.85242,0.479319,0.228049,Five,0.978063,-0.0684945,0.196729,0.0762445,0.996573,-0.0320853,-0.193857,0.0463809,0.979933
1713619300565681934,3.7645,0.220412,0.966636,-0.631076,3.857,0.475569,0.227675,Five,0.978064,-0.0684695,0.196731,0.0762194,0.996575,-0.0320869,-0.19386,0.0463777,0.979932
1713619300573638980,3.77958,0.215934,0.969965,-0.59285,3.8727,0.472186,0.227756,Five,0.97806,-0.0684796,0.196746,0.0762329,0.996573,-0.0320993,-0.193873,0.0463935,0.979929
1713619300580761933,3.76004,0.209963,0.964852,-0.57466,3.853,0.464935,0.226332,Five,0.978063,-0.0684868,0.196727,0.0762404,0.996572,-0.0321048,-0.193854,0.0463991,0.979933
1713619300589523836,3.72588,0.20196,0.956031,-0.552703,3.81839,0.454612,0.224034,Five,0.978068,-0.068482,0.196704,0.076237,0.996572,-0.0321179,-0.19383,0.0464096,0.979937
1713619300596629420,3.7236,0.19676,0.955219,-0.522196,3.81636,0.449282,0.223396,Five,0.978066,-0.0684815,0.196715,0.0762365,0.996572,-0.0321156,-0.193841,0.0464081,0.979935
1713619300605668367,3.72376,0.190062,0.955051,-0.485536,3.81692,0.442796,0.222957,Five,0.978067,-0.0685264,0.196698,0.076278,0.99657,-0.0320977,-0.193824,0.0463974,0.979939
1713619300612831813,3.69533,0.18312,0.947705,-0.469586,3.78812,0.434124,0.221015,Five,0.978066,-0.0685745,0.196682,0.0763251,0.996566,-0.0320923,-0.193806,0.0464001,0.979942
1713619300622311239,3.64384,0.173515,0.93434,-0.460543,3.73577,0.421161,0.217499,Five,0.978068,-0.0686022,0.196666,0.0763432,0.996567,-0.0320452,-0.193792,0.0463564,0.979947
1713619300629537124,3.68245,0.169703,0.944256,-0.40762,3.77574,0.419994,0.219523,Five,0.978066,-0.0686018,0.196673,0.0763401,0.996567,-0.0320297,-0.193801,0.0463412,0.979946
1713619300638333092,3.52192,0.155387,0.904227,0.550747,3.61187,0.394557,0.210699,Five,0.978068,-0.0685475,0.196685,0.0762901,0.99657,-0.0320536,-0.193814,0.0463557,0.979943
1713619300645500136,3.68562,0.157696,0.9452,-0.332596,3.7799,0.407847,0.219178,Five,0.978068,-0.0684981,0.196698,0.0762448,0.996573,-0.0320758,-0.193827,0.0463696,0.979939
1713619300655289451,3.67945,0.149602,0.943536,-0.28643,3.77411,0.399296,0.21832,Five,0.978067,-0.0684797,0.19671,0.0762276,0.996574,-0.0320811,-0.193839,0.0463722,0.979937
1713619300661972448,3.67155,0.143904,0.941823,-0.251964,3.76645,0.392945,0.217872,Five,0.978068,-0.0684462,0.196718,0.0761945,0.996577,-0.0320843,-0.193849,0.0463694,0.979935
1713619300670991229,3.58194,0.133404,0.918489,-0.290621,3.67495,0.376277,0.211872,Five,0.97807,-0.0684122,0.196723,0.0761626,0.996579,-0.0320966,-0.193854,0.0463756,0.979934
1713619300677985581,3.65281,0.12996,0.936619,-0.185076,3.74806,0.377722,0.21576,Five,0.978069,-0.0684289,0.196718,0.0761793,0.996577,-0.0320963,-0.193849,0.0463782,0.979935
1713619300687058920,3.62456,0.121456,0.929901,-0.158625,3.71969,0.367311,0.21434,Five,0.978073,-0.0684306,0.196698,0.0761821,0.996577,-0.0321069,-0.193827,0.0463877,0.979938
1713619300694352957,3.60313,0.114576,0.924817,-0.143569,3.69821,0.358793,0.213163,Five,0.978075,-0.0683795,0.196706,0.0761358,0.99658,-0.0321338,-0.193836,0.0464056,0.979936
1713619300703202083,3.56741,0.105982,0.915945,-0.128169,3.66213,0.347751,0.210836,Five,0.978068,-0.0683654,0.196747,0.0761224,0.996581,-0.0321287,-0.193878,0.0464009,0.979928
1713619300710272673,3.55054,0.0996043,0.911952,-0.127832,3.64528,0.340221,0.20986,Five,0.978066,-0.0683603,0.196758,0.0761191,0.996581,-0.0321356,-0.193888,0.0464077,0.979925
1713619300719048831,3.5287,0.0912609,0.90612,0.162665,3.62337,0.330313,0.207976,Five,0.978068,-0.0683272,0.19676,0.076086,0.996583,-0.0321383,-0.193892,0.0464041,0.979925
1713619300725844016,3.49889,0.0850164,0.898566,-0.118651,3.59314,0.322046,0.206093,Five,0.97807,-0.0683215,0.196751,0.0760761,0.996585,-0.0321199,-0.193885,0.0463835,0.979927
1713619300734892055,3.51099,0.0774725,0.902174,0.109218,3.60621,0.315249,0.206995,Five,0.978075,-0.0682988,0.196732,0.0760512,0.996587,-0.0321157,-0.193867,0.0463733,0.979931
1713619300743325730,3.49021,0.0701381,0.896719,-0.0544428,3.58531,0.306523,0.205398,Five,0.978079,-0.0682965,0.196716,0.0760485,0.996587,-0.0321176,-0.193851,0.0463735,0.979934
1713619300752370841,3.48142,0.0622057,0.895079,-0.0195842,3.57695,0.297844,0.205169,Five,0.978084,-0.068254,0.196705,0.0760102,0.996589,-0.0321456,-0.193839,0.0463927,0.979936
1713619300759790077,3.45505,0.0553263,0.88828,-0.0166261,3.5503,0.289022,0.203396,Five,0.978093,-0.0682054,0.196677,0.0759639,0.996592,-0.0321689,-0.193812,0.0464045,0.97994
1713619300769018332,3.44162,0.047293,0.884907,-0.00265122,3.53704,0.280091,0.20238,Five,0.978096,-0.0682035,0.196662,0.0759647,0.996591,-0.0321862,-0.193797,0.0464206,0.979943
1713619300776509947,3.42728,0.0403573,0.882086,-0.0190105,3.52293,0.272198,0.202079,Five,0.978096,-0.0682093,0.196662,0.0759734,0.99659,-0.0322006,-0.193795,0.0464364,0.979942
1713619300785794142,3.42633,0.0323893,0.882403,-0.00483335,3.52262,0.264103,0.202059,Five,0.978089,-0.0681873,0.196701,0.0759542,0.996591,-0.0322067,-0.193835,0.0464413,0.979934
1713619300793087018,3.43676,0.0262284,0.88589,-0.035991,3.53392,0.258681,0.20321,Five,0.978091,-0.0681976,0.196689,0.0759605,0.996591,-0.0321887,-0.193824,0.0464241,0.979937
1713619300802244805,3.42788,0.0181696,0.884113,-0.00901206,3.52543,0.250136,0.202706,Five,0.978083,-0.0682245,0.196719,0.0759841,0.99659,-0.0321625,-0.193854,0.0464052,0.979932
1713619300809788261,3.41887,0.0116266,0.882015,-0.000125398,3.51666,0.242987,0.201983,Five,0.978078,-0.0682197,0.19675,0.075981,0.99659,-0.0321638,-0.193885,0.046408,0.979926
1713619300819028746,3.4208,0.003692,0.882688,-0.00319051,3.51923,0.235187,0.201869,Five,0.978076,-0.068214,0.196758,0.0759746,0.996591,-0.0321589,-0.193893,0.0464024,0.979925
1713619300826395653,3.4185,-0.00264825,0.883513,-0.0100428,3.51758,0.228714,0.202745,Five,0.97807,-0.0682272,0.196783,0.0759926,0.996589,-0.0321757,-0.193916,0.0464241,0.979919
1713619300835553655,3.42599,-0.0107088,0.885621,-0.000336176,3.52587,0.221204,0.202979,Five,0.97807,-0.0682333,0.196785,0.0759991,0.996589,-0.0321764,-0.193918,0.0464262,0.979919
1713619300843122532,3.44032,-0.0172437,0.890089,-0.0196762,3.54121,0.21564,0.204236,Five,0.978067,-0.0682335,0.196795,0.0759982,0.996589,-0.0321685,-0.193929,0.0464191,0.979917
1713619300853305459,3.45356,-0.0260166,0.894105,0.00141816,3.55555,0.207688,0.205204,Five,0.978069,-0.0682111,0.196794,0.0759823,0.996589,-0.032204,-0.193926,0.0464507,0.979916
1713619300860514095,3.45417,-0.0321419,0.894775,0.0239823,3.55669,0.201605,0.20557,Five,0.978075,-0.0682125,0.196764,0.0759852,0.996588,-0.0322189,-0.193895,0.0464637,0.979921
1713619300869721271,3.46911,-0.0402909,0.899744,0.0386489,3.57284,0.194488,0.207136,Five,0.978073,-0.0682216,0.196773,0.0759998,0.996586,-0.0322432,-0.193902,0.0464909,0.979919
1713619300877109326,3.49268,-0.0470272,0.906367,0.0411834,3.59766,0.189385,0.208625,Five,0.978066,-0.068229,0.196805,0.0760078,0.996586,-0.0322379,-0.193934,0.0464896,0.979912
1713619300886361469,3.51085,-0.0550122,0.912196,0.0678809,3.61714,0.182474,0.210238,Five,0.978058,-0.0681868,0.19686,0.0759715,0.996588,-0.0322586,-0.193988,0.0465065,0.979901
1713619300893487914,3.52256,-0.0613647,0.916,0.0798709,3.62978,0.177015,0.211267,Five,0.978049,-0.0682131,0.196896,0.0759966,0.996587,-0.0322407,-0.194024,0.0464964,0.979894
1713619300902372917,3.54344,-0.069391,0.921884,0.109672,3.65191,0.170453,0.212574,Five,0.978046,-0.0682222,0.196904,0.0760013,0.996587,-0.0322157,-0.194034,0.0464734,0.979893
1713619300909458664,3.53771,-0.0754284,0.921005,0.154012,3.64653,0.164133,0.212546,Five,0.978044,-0.0682497,0.196904,0.0760244,0.996586,-0.032191,-0.194035,0.0464537,0.979894
1713619300919411850,3.60247,-0.0851589,0.939366,0.123945,3.71415,0.158778,0.217539,Five,0.978045,-0.0682525,0.196899,0.0760264,0.996586,-0.032188,-0.19403,0.0464509,0.979895
1713619300926372287,3.60636,-0.0911466,0.940739,0.165411,3.71864,0.153067,0.217806,Five,0.978043,-0.0682528,0.196911,0.076027,0.996586,-0.0321865,-0.194042,0.0464503,0.979893
1713619300935148414,3.63707,-0.0991446,0.949991,0.185596,3.75105,0.147024,0.220492,Five,0.978042,-0.0682244,0.196923,0.076003,0.996587,-0.0322085,-0.194054,0.0464681,0.97989
1713619300942445867,3.62816,-0.104794,0.948706,0.238353,3.74246,0.140694,0.220738,Five,0.978045,-0.0682092,0.196914,0.0759918,0.996587,-0.0322323,-0.194043,0.0464885,0.979891
1713619300951229804,3.63096,-0.112191,0.949808,0.283056,3.74592,0.133601,0.220906,Five,0.978042,-0.0682369,0.196922,0.0760231,0.996585,-0.0322462,-0.194049,0.0465087,0.979889
1713619300958201060,3.67463,-0.119101,0.961935,0.282033,3.7915,0.129517,0.223932,Five,0.978041,-0.0682027,0.196936,0.0759898,0.996587,-0.0322501,-0.194065,0.046507,0.979886
1713619300967141419,3.63777,-0.124558,0.953835,0.34748,3.75424,0.121342,0.222874,Five,0.978044,-0.0681497,0.196939,0.0759367,0.996591,-0.032254,-0.19407,0.0465008,0.979885
1713619300974423813,3.6392,-0.130441,0.954753,0.378617,3.75621,0.115483,0.223209,Five,0.978045,-0.0681296,0.196943,0.0759172,0.996592,-0.0322581,-0.194074,0.0465012,0.979884
1713619300983645021,3.67663,-0.138714,0.965194,0.391697,3.79544,0.109712,0.225924,Five,0.978052,-0.0681225,0.196908,0.0759061,0.996593,-0.0322474,-0.19404,0.0464861,0.979892
1713619300991069865,3.65851,-0.14375,0.961667,0.438385,3.77736,0.103541,0.225801,Five,0.978053,-0.0681529,0.196896,0.0759384,0.996591,-0.0322569,-0.194026,0.0465008,0.979894
1713619301000104560,3.67538,-0.151262,0.96701,0.465536,3.79541,0.0974041,0.227403,Five,0.978047,-0.0682162,0.196901,0.0760014,0.996586,-0.0322481,-0.194029,0.0465049,0.979893
1713619301006935809,3.75741,-0.159778,0.989476,0.453085,3.88065,0.0945161,0.23317,Five,0.978049,-0.0682399,0.196885,0.0760249,0.996584,-0.0322487,-0.194012,0.046509,0.979896
1713619301015860369,3.77651,-0.167208,0.995507,0.481403,3.90102,0.0885199,0.235058,Five,0.978047,-0.0682784,0.196879,0.0760598,0.996582,-0.0322284,-0.194005,0.0464955,0.979898
1713619301023038773,3.72078,-0.169867,0.98205,0.536027,3.84404,0.0822319,0.232554,Five,0.978044,-0.0683215,0.196882,0.0761018,0.996579,-0.0322179,-0.194007,0.0464936,0.979898
1713619301033013671,3.7356,-0.177524,0.986613,0.565167,3.85995,0.0756158,0.2338,Five,0.978043,-0.0683307,0.196881,0.076112,0.996578,-0.0322223,-0.194005,0.0464998,0.979898
1713619301079985663,3.76509,0.160009,0.973225,-0.61286,3.86307,0.414893,0.230833,Two,0.978049,-0.0683879,0.196832,0.0761574,0.996577,-0.0321691,-0.193958,0.0464532,0.979909
1713619301086202744,3.69522,0.154002,0.954677,-0.615132,3.79149,0.404128,0.225983,Two,0.978053,-0.0683747,0.196819,0.0761451,0.996577,-0.0321778,-0.193945,0.0464583,0.979912
1713619301094522936,3.68867,0.149638,0.953118,-0.591827,3.78508,0.399296,0.225519,Two,0.978053,-0.0683655,0.19682,0.0761355,0.996578,-0.0321767,-0.193946,0.0464554,0.979912
1713619301101729398,3.72782,0.147528,0.963144,-0.550613,3.82548,0.399924,0.227642,Two,0.978051,-0.0683841,0.196823,0.0761531,0.996577,-0.0321693,-0.193949,0.0464519,0.979911
