t,x,y,z,odom_yaw,cx,cy,cz,label,rot1,rot2,rot3,rot4,rot5,rot6,rot7,rot8,rot9
1713602429399408213,3.45614,-0.0500091,0.836011,0.369234,3.48126,-0.0151068,0.152423,Two,0.983437,-0.0273224,0.17918,0.0328483,0.99907,-0.0279452,-0.17825,0.0333681,0.983419
1713602429406508913,3.46378,-0.0541067,0.837849,0.385844,3.48921,-0.0189121,0.152772,Two,0.983438,-0.0273479,0.17917,0.0328736,0.999069,-0.027944,-0.178239,0.0333711,0.983421
1713602429412452973,3.444,-0.0568339,0.833528,0.411457,3.46906,-0.0221731,0.151956,Two,0.983438,-0.0273458,0.17917,0.032871,0.999069,-0.0279414,-0.178239,0.0333681,0.983421
1713602429419754946,3.45187,-0.0612028,0.835948,0.424135,3.47735,-0.0263469,0.152762,Two,0.983437,-0.0273451,0.179178,0.0328692,0.999069,-0.027934,-0.178247,0.0333608,0.98342
1713602429426981301,3.47901,-0.0660965,0.84261,0.436715,3.50537,-0.030553,0.154282,Two,0.983435,-0.0273394,0.179186,0.0328667,0.999069,-0.0279505,-0.178255,0.0333767,0.983418
1713602429434317517,3.42014,-0.067657,0.829666,0.48694,3.4452,-0.0337676,0.152052,Two,0.983439,-0.0273164,0.179169,0.0328436,0.999069,-0.027955,-0.178238,0.0333766,0.983421
1713602429444474790,3.47599,-0.0751338,0.843023,0.485831,3.50271,-0.03975,0.155096,Two,0.983444,-0.0273257,0.179138,0.0328543,0.999069,-0.0279676,-0.178207,0.03339,0.983426
1713602429451544278,3.49909,-0.0800398,0.848829,0.49424,3.52661,-0.0441334,0.156462,Two,0.983442,-0.0273046,0.179155,0.0328378,0.999069,-0.0279921,-0.178224,0.0334117,0.983423
1713602429457433250,3.47125,-0.0817749,0.842732,0.523894,3.49818,-0.0467241,0.155415,Two,0.983445,-0.0272767,0.179142,0.0328207,0.999067,-0.028057,-0.17821,0.0334721,0.983423
1713602429464737984,3.46656,-0.0858939,0.841703,0.54633,3.49349,-0.0506958,0.155239,Two,0.983449,-0.0273541,0.179106,0.0328982,0.999065,-0.0280572,-0.178171,0.033485,0.98343
1713602429473197144,3.46912,-0.0900083,0.8429,0.571834,3.49633,-0.0547749,0.155891,Two,0.983453,-0.0273487,0.179087,0.0328901,0.999065,-0.0280466,-0.178153,0.0334727,0.983433
1713602429484446445,3.48661,-0.0967017,0.847394,0.595767,3.51451,-0.0608846,0.157027,Two,0.983455,-0.0273855,0.179072,0.0329275,0.999064,-0.028049,-0.178137,0.0334813,0.983436
1713602429491544887,3.51854,-0.101546,0.854916,0.60448,3.54739,-0.0647785,0.158708,Two,0.98346,-0.027416,0.179037,0.0329565,0.999063,-0.0280447,-0.1781,0.0334813,0.983443
1713602429496988793,3.52085,-0.104276,0.85596,0.623946,3.54992,-0.0675165,0.159327,Two,0.983466,-0.0274002,0.179011,0.0329381,0.999064,-0.0280367,-0.178075,0.0334694,0.983448
1713602429507969348,3.5292,-0.109743,0.85831,0.645579,3.55869,-0.0729056,0.160177,Two,0.983477,-0.0273643,0.178953,0.0328992,0.999065,-0.0280351,-0.178018,0.0334593,0.983458
1713602429517814856,3.49743,-0.112676,0.851491,0.687525,3.5263,-0.0766873,0.15902,Two,0.983477,-0.027362,0.178956,0.0328881,0.999067,-0.027986,-0.178023,0.0334091,0.983459
1713602429524484856,3.52289,-0.117231,0.858281,0.699194,3.55268,-0.0803724,0.160959,Two,0.983472,-0.0274207,0.178972,0.0329435,0.999066,-0.0279595,-0.178038,0.0333933,0.983457
1713602429532398268,3.55389,-0.122179,0.866209,0.713854,3.58474,-0.0845624,0.162742,Two,0.983456,-0.0274048,0.17906,0.0329302,0.999067,-0.0279579,-0.178127,0.0333918,0.983441
1713602429539340573,3.51171,0.211658,0.841032,-0.749404,3.52962,0.248291,0.156444,Three,0.983446,-0.0274086,0.179118,0.0329427,0.999065,-0.0279947,-0.178183,0.0334319,0.983429
1713602429539340573,3.58137,-0.126536,0.873617,0.726322,3.61323,-0.0882046,0.16477,Two,0.983446,-0.0274086,0.179118,0.0329427,0.999065,-0.0279947,-0.178183,0.0334319,0.983429
1713602429549409109,3.49378,0.205161,0.836075,-0.722703,3.51129,0.241111,0.154626,Three,0.983451,-0.0273472,0.179101,0.0328948,0.999064,-0.0280785,-0.178165,0.0335053,0.98343
1713602429556514197,3.51072,0.201522,0.839423,-0.697237,3.52866,0.237774,0.154897,Three,0.983458,-0.0273039,0.179068,0.0328551,0.999065,-0.0281078,-0.178133,0.0335261,0.983435
1713602429562420173,3.45485,0.195808,0.826267,-0.695305,3.47152,0.230363,0.151816,Three,0.983465,-0.0272371,0.179039,0.0327855,0.999067,-0.0281039,-0.178106,0.0335091,0.983441
1713602429573086902,3.4571,0.189347,0.82634,-0.665727,3.47393,0.223936,0.151347,Three,0.98347,-0.027223,0.179013,0.032762,0.999069,-0.0280582,-0.178083,0.0334593,0.983447
1713602429581621529,3.45668,0.184114,0.826231,-0.639448,3.47366,0.218565,0.150898,Three,0.98346,-0.0271809,0.179076,0.032715,0.999072,-0.0280227,-0.178148,0.0334176,0.983436
1713602429587464187,3.45092,0.180107,0.82468,-0.621654,3.46784,0.214402,0.150117,Three,0.983452,-0.0271762,0.179118,0.0327156,0.999071,-0.0280441,-0.17819,0.03344,0.983428
1713602429598670254,3.42259,0.171913,0.818152,-0.603354,3.43906,0.205256,0.148281,Three,0.983444,-0.0271157,0.179173,0.0326657,0.999071,-0.0280977,-0.178245,0.0334854,0.983416
1713602429606617278,3.39724,0.16582,0.81226,-0.589626,3.41325,0.198216,0.146853,Three,0.983449,-0.0270341,0.179158,0.0325895,0.999073,-0.0281376,-0.178231,0.0335105,0.983418
1713602429612521954,3.42545,0.162647,0.818407,-0.560142,3.44219,0.195805,0.147762,Three,0.983449,-0.0270374,0.179158,0.0325917,0.999073,-0.0281313,-0.178231,0.0335048,0.983418
1713602429623164149,3.35547,0.153423,0.802634,-0.554879,3.37077,0.184805,0.144476,Three,0.983452,-0.0270506,0.179138,0.032595,0.999074,-0.0280791,-0.178212,0.0334535,0.983423
1713602429631635571,3.37754,0.14752,0.806607,-0.528697,3.39331,0.179768,0.144651,Three,0.983471,-0.0271256,0.179024,0.0326592,0.999073,-0.0280345,-0.178098,0.0334179,0.983445
1713602429637550123,3.37106,0.143192,0.80524,-0.507698,3.38682,0.175267,0.144321,Three,0.983471,-0.0271241,0.179022,0.0326563,0.999074,-0.0280274,-0.178096,0.0334104,0.983446
1713602429648899581,3.40329,0.13561,0.81207,-0.465996,3.41994,0.168463,0.145081,Three,0.983473,-0.0271009,0.179014,0.0326409,0.999073,-0.028074,-0.178087,0.0334532,0.983446
1713602429656626670,3.39946,0.129787,0.810971,-0.446659,3.41615,0.162395,0.144449,Three,0.983473,-0.0270555,0.179023,0.0325951,0.999074,-0.0280742,-0.178097,0.0334455,0.983444
1713602429662485943,3.39929,0.125391,0.811128,-0.435663,3.41612,0.158062,0.144438,Three,0.98347,-0.0270746,0.179037,0.032614,0.999074,-0.0280686,-0.178111,0.0334437,0.983442
1713602429673440217,3.41442,0.117329,0.814689,-0.39957,3.43186,0.15032,0.145024,Three,0.983473,-0.0270529,0.179024,0.0325947,0.999074,-0.0280869,-0.178098,0.0334579,0.983444
1713602429681639843,3.398,0.11058,0.811062,-0.381392,3.41525,0.143153,0.144116,Three,0.983471,-0.027054,0.179034,0.0325931,0.999074,-0.0280691,-0.178109,0.0334405,0.983442
1713602429687532289,3.38335,0.10584,0.807422,-0.379362,3.40032,0.138095,0.143026,Three,0.983472,-0.0270697,0.179024,0.0326091,0.999074,-0.0280719,-0.178098,0.0334457,0.983444
1713602429698754990,3.41355,0.0971359,0.814215,-0.332013,3.43146,0.13032,0.144092,Three,0.983474,-0.0271082,0.17901,0.0326514,0.999072,-0.0280919,-0.178083,0.0334726,0.983446
1713602429706700711,3.42522,0.0907045,0.816796,-0.289734,3.44356,0.124139,0.144551,Three,0.983485,-0.0270923,0.178951,0.0326351,0.999072,-0.0281024,-0.178023,0.0334784,0.983457
1713602429712556846,3.39537,0.0857789,0.810048,-0.315028,3.41313,0.11835,0.143053,Three,0.983485,-0.0270692,0.178954,0.0326152,0.999072,-0.0281216,-0.178027,0.0334938,0.983455
1713602429723242721,3.38008,0.077048,0.806576,-0.31706,3.3977,0.109374,0.142159,Three,0.983488,-0.0271122,0.178929,0.0326553,0.999071,-0.0281066,-0.178001,0.0334855,0.98346
1713602429731646737,3.40608,0.0702838,0.812381,-0.267713,3.42449,0.103273,0.143081,Three,0.983492,-0.0271055,0.17891,0.0326505,0.999071,-0.0281211,-0.177982,0.0334984,0.983463
1713602429737110020,3.40212,0.0656838,0.811758,-0.257463,3.42062,0.0985958,0.142843,Three,0.983483,-0.02711,0.178958,0.0326492,0.999072,-0.0280794,-0.178031,0.0334585,0.983456
1713602429748567566,3.35898,0.0561225,0.802623,-0.298558,3.37682,0.0879274,0.141051,Three,0.983474,-0.0271186,0.179006,0.0326581,0.999072,-0.0280713,-0.178079,0.0334534,0.983447
1713602429756681048,3.4046,0.0493706,0.813154,-0.233312,3.42376,0.0824651,0.14302,Three,0.983471,-0.0271445,0.179018,0.0326867,0.999071,-0.0280816,-0.17809,0.033469,0.983445
1713602429762431762,3.38806,0.0448696,0.809346,-0.241571,3.40693,0.0774489,0.14206,Three,0.983472,-0.0271197,0.17902,0.032662,0.999072,-0.0280842,-0.178093,0.0334672,0.983444
1713602429769598480,3.39035,0.0384564,0.810065,-0.240618,3.40948,0.0711749,0.142162,Three,0.983471,-0.0271443,0.179018,0.0326922,0.99907,-0.0281131,-0.178088,0.0335009,0.983444
1713602429776608699,3.41942,0.0323034,0.817054,-0.200338,3.43948,0.0658541,0.143658,Three,0.983471,-0.0271653,0.179017,0.0327134,0.999069,-0.0281131,-0.178086,0.0335046,0.983444
1713602429784238429,3.42038,0.0263168,0.817597,-0.219521,3.4407,0.0597578,0.143702,Three,0.983466,-0.0271261,0.179048,0.032674,0.999071,-0.0281089,-0.178119,0.0334944,0.983439
1713602429791771078,3.41602,0.0191505,0.816883,0.183049,3.43648,0.0525477,0.143537,Three,0.983466,-0.0271471,0.179049,0.0326963,0.99907,-0.0281144,-0.178119,0.0335037,0.983438
1713602429799146892,3.38872,0.0130022,0.810668,0.185942,3.40868,0.0457882,0.14213,Three,0.983467,-0.0271761,0.179036,0.0327229,0.999069,-0.0281015,-0.178105,0.0334955,0.983441
1713602429809738556,3.38664,0.00403865,0.81098,0.247385,3.40693,0.0369325,0.14255,Three,0.983468,-0.0272274,0.179025,0.0327736,0.999068,-0.0280955,-0.178093,0.0334984,0.983443
1713602429816672501,3.40781,-0.00195086,0.816113,0.210369,3.42883,0.0314373,0.143727,Three,0.983473,-0.0272113,0.178997,0.0327583,0.999068,-0.0281061,-0.178065,0.0335053,0.983448
1713602429822121110,3.38759,-0.00590385,0.811548,0.232768,3.40824,0.0269275,0.142616,Three,0.983469,-0.027202,0.179022,0.0327469,0.999069,-0.0280912,-0.178091,0.0334892,0.983444
1713602429833303176,3.38019,-0.0152477,0.810234,0.245697,3.40097,0.0174112,0.142331,Three,0.983469,-0.027207,0.17902,0.032745,0.99907,-0.0280529,-0.178091,0.0334512,0.983445
1713602429841638015,3.34309,-0.0214442,0.802218,0.299065,3.36321,0.0103344,0.140969,Three,0.983474,-0.0272387,0.178987,0.032776,0.999069,-0.0280529,-0.178056,0.0334557,0.983451
1713602429847473512,3.36324,-0.0264955,0.807168,0.282661,3.38405,0.00580996,0.142072,Three,0.983474,-0.0272379,0.178989,0.0327727,0.999069,-0.0280384,-0.178058,0.033441,0.983452
1713602429855051302,3.38836,-0.0331878,0.813342,0.267149,3.41005,-0.000204241,0.143411,Three,0.983472,-0.0272429,0.178998,0.0327751,0.99907,-0.0280217,-0.178068,0.0334252,0.98345
1713602429861774654,3.36607,-0.0382673,0.808758,0.297084,3.38744,-0.00583211,0.142675,Three,0.98347,-0.0272565,0.179007,0.0327879,0.99907,-0.0280143,-0.178077,0.0334204,0.983449
1713602429868497216,3.35412,-0.0435732,0.806322,0.320332,3.3754,-0.0114093,0.142192,Three,0.983468,-0.0272713,0.179019,0.0328069,0.999068,-0.0280345,-0.178087,0.0334441,0.983446
1713602429878351325,3.34901,-0.0511598,0.805924,0.351243,3.37051,-0.0190918,0.142488,Three,0.983469,-0.0272854,0.179009,0.0328154,0.999069,-0.0280037,-0.178078,0.033415,0.983449
1713602429886631485,3.37525,-0.0586406,0.812359,0.342476,3.39768,-0.0259416,0.14388,Three,0.983469,-0.0272679,0.179013,0.0327949,0.99907,-0.0279883,-0.178083,0.0333964,0.983449
1713602429893214971,3.3773,-0.0638834,0.813071,0.35776,3.39996,-0.0311765,0.143989,Three,0.983467,-0.0272556,0.179027,0.0327862,0.99907,-0.0280067,-0.178097,0.0334132,0.983445
1713602429904205509,3.40082,-0.0733188,0.819513,0.369461,3.42451,-0.040119,0.145749,Three,0.983464,-0.0272243,0.179046,0.032756,0.999071,-0.0280115,-0.178117,0.0334131,0.983442
1713602429911690029,3.39542,-0.0789511,0.818981,0.391889,3.41926,-0.0457569,0.145973,Three,0.983461,-0.0272686,0.179055,0.0328036,0.999069,-0.0280245,-0.178124,0.0334346,0.98344
1713602429917497455,3.38862,-0.0832449,0.817602,0.414071,3.41244,-0.0502656,0.14575,Three,0.983465,-0.0272588,0.179036,0.0327915,0.999069,-0.0280163,-0.178106,0.0334239,0.983444
1713602429928554498,3.41906,-0.0929067,0.825096,0.426218,3.44397,-0.05916,0.147405,Three,0.983467,-0.0272486,0.179028,0.0327749,0.999071,-0.0279832,-0.178099,0.0333882,0.983446
1713602429936710685,3.42667,-0.0991618,0.827466,0.445889,3.45205,-0.0652411,0.148218,Three,0.983469,-0.0272453,0.179014,0.0327732,0.999071,-0.0279942,-0.178085,0.0333983,0.983448
1713602429942512738,3.4159,-0.103048,0.825504,0.469179,3.44121,-0.0694752,0.148139,Three,0.983473,-0.0272302,0.178997,0.032756,0.999071,-0.0279878,-0.178068,0.0333885,0.983452
1713602429952886278,3.41463,-0.11074,0.825987,0.49487,3.44026,-0.077002,0.148574,Three,0.98347,-0.0272911,0.179001,0.0328167,0.99907,-0.0279805,-0.178071,0.0333922,0.983451
1713602429959530328,3.24729,-0.105924,0.789872,-0.717534,3.26909,-0.0767486,0.143108,Three,0.983476,-0.0272694,0.178973,0.032796,0.99907,-0.0279929,-0.178043,0.0334,0.983456
1713602429967523564,3.35992,-0.118157,0.814843,0.560145,3.38466,-0.0858983,0.147211,Three,0.983476,-0.0272901,0.178972,0.0328112,0.99907,-0.0279613,-0.178043,0.0333715,0.983457
1713602429974488909,3.43617,-0.127041,0.832636,0.548123,3.46307,-0.0928455,0.150895,Three,0.983479,-0.0272699,0.178955,0.0327933,0.99907,-0.0279788,-0.178026,0.0333851,0.983459
1713602429984507919,3.45199,-0.134757,0.837251,0.570735,3.47968,-0.100119,0.152268,Three,0.983474,-0.0272815,0.178981,0.0328045,0.99907,-0.0279707,-0.178051,0.0333798,0.983455
1713602429991572279,3.45607,-0.139831,0.838493,0.586965,3.48404,-0.105077,0.152634,Three,0.983476,-0.0272823,0.178971,0.0327957,0.999072,-0.0279196,-0.178043,0.0333277,0.983458
1713602429997502425,3.45499,-0.143733,0.838882,0.607131,3.48316,-0.108969,0.153014,Three,0.983472,-0.0272977,0.178989,0.0328147,0.999071,-0.0279345,-0.17806,0.0333463,0.983454
1713602430008296433,3.42867,-0.149068,0.83386,0.647407,3.45652,-0.115055,0.152659,Three,0.983477,-0.0272918,0.178966,0.0328163,0.99907,-0.0279812,-0.178036,0.0333918,0.983457
1713602430016674981,3.48028,-0.157426,0.84635,0.656267,3.50974,-0.122213,0.155482,Three,0.983478,-0.0272512,0.178963,0.032782,0.99907,-0.0280197,-0.178033,0.0334235,0.983457
1713602430022517108,3.49044,-0.161579,0.849332,0.668666,3.52037,-0.126123,0.156536,Three,0.983482,-0.0272485,0.178944,0.0327771,0.99907,-0.0280117,-0.178014,0.0334143,0.98346
1713602430033628544,3.51459,-0.169972,0.85591,0.693484,3.54553,-0.133855,0.158441,Three,0.983482,-0.0272599,0.178941,0.0327837,0.999071,-0.0279845,-0.178012,0.0333886,0.983462
1713602430047081312,3.55543,0.15923,0.855624,-0.775104,3.57667,0.196452,0.161772,Four,0.983477,-0.0272746,0.178969,0.0327934,0.999071,-0.0279506,-0.17804,0.0333577,0.983458
1713602430057235611,3.53179,0.154118,0.850029,-0.751226,3.55256,0.190688,0.160383,Four,0.98348,-0.0272674,0.178951,0.0327938,0.99907,-0.0279965,-0.178021,0.0334024,0.98346
1713602430063597915,3.5302,0.15111,0.849263,-0.73662,3.55093,0.18775,0.159833,Four,0.98348,-0.0272953,0.178947,0.032823,0.999069,-0.0280022,-0.178016,0.0334132,0.98346
1713602430072919997,3.51717,0.146637,0.846008,-0.713705,3.53765,0.18283,0.158956,Four,0.983489,-0.0272652,0.178904,0.0327928,0.99907,-0.0280121,-0.177974,0.0334163,0.983468
1713602430079704155,3.4817,0.142545,0.837383,-0.70227,3.50133,0.177818,0.156657,Four,0.983489,-0.0272655,0.178903,0.0327956,0.999069,-0.0280262,-0.177973,0.0334307,0.983467
1713602430087593054,3.5055,0.139274,0.842555,-0.672096,3.52576,0.175276,0.157392,Four,0.983487,-0.0272913,0.178907,0.0328234,0.999068,-0.0280349,-0.177975,0.0334443,0.983467
1713602430094950674,3.47893,0.135299,0.836386,-0.660975,3.49863,0.170566,0.155973,Four,0.983491,-0.0272796,0.178891,0.0328083,0.999069,-0.0280196,-0.17796,0.0334261,0.98347
1713602430101952764,3.47576,0.131721,0.835315,-0.638644,3.49542,0.166897,0.155328,Four,0.983489,-0.0272739,0.178901,0.0328039,0.999069,-0.0280256,-0.17797,0.0334315,0.983468
1713602430108983599,3.47345,0.127945,0.834949,-0.621009,3.49318,0.163115,0.155171,Four,0.983484,-0.0272892,0.178924,0.0328209,0.999068,-0.0280286,-0.177993,0.0334382,0.983463
1713602430119195583,3.48566,0.123088,0.837772,-0.588727,3.50584,0.158486,0.155621,Four,0.983486,-0.027262,0.178921,0.0327941,0.999069,-0.0280343,-0.17799,0.0334389,0.983464
1713602430126705258,3.50785,0.119654,0.842235,-0.555394,3.52854,0.155806,0.156042,Four,0.983489,-0.0273032,0.178895,0.0328318,0.999068,-0.0280158,-0.177964,0.0334267,0.983469
1713602430132575564,3.47549,0.115742,0.834564,-0.553211,3.49543,0.151212,0.154311,Four,0.983497,-0.0273492,0.178844,0.0328707,0.999068,-0.0279825,-0.177912,0.0333995,0.983479
1713602430139917492,3.49959,0.112227,0.839753,-0.521018,3.52014,0.148292,0.155136,Four,0.983504,-0.0273362,0.17881,0.0328608,0.999067,-0.0280076,-0.177878,0.0334215,0.983485
1713602430146981180,3.49046,0.108097,0.837622,-0.505609,3.5109,0.143978,0.154523,Four,0.983503,-0.0273489,0.17881,0.0328682,0.999068,-0.0279774,-0.177878,0.033393,0.983486
1713602430153462049,3.46096,0.104238,0.830767,-0.498185,3.48076,0.139335,0.152954,Four,0.983506,-0.0273477,0.178795,0.0328694,0.999068,-0.0279934,-0.177863,0.0334086,0.983488
1713602430163672290,3.43357,0.0984839,0.824511,-0.493054,3.45288,0.132695,0.151396,Four,0.983503,-0.0273007,0.178818,0.0328266,0.999068,-0.0280159,-0.177887,0.0334237,0.983483
1713602430171752749,3.46081,0.0940403,0.830544,-0.450269,3.48086,0.129,0.152392,Four,0.983506,-0.0273067,0.178803,0.0328322,0.999068,-0.0280162,-0.177871,0.0334246,0.983486
1713602430178159380,3.46509,0.0906674,0.831542,-0.429352,3.48535,0.125664,0.152583,Four,0.983511,-0.0272862,0.17878,0.0328143,0.999068,-0.028037,-0.177849,0.0334412,0.983489
1713602430189248712,3.46152,0.0842434,0.83059,-0.40394,3.48184,0.11918,0.151975,Four,0.983506,-0.027292,0.178806,0.03282,0.999068,-0.0280311,-0.177874,0.0334372,0.983485
1713602430196692887,3.43938,0.0797547,0.825396,-0.404517,3.45926,0.114061,0.150666,Four,0.983507,-0.0272772,0.178802,0.0328055,0.999068,-0.0280347,-0.177871,0.033438,0.983486
1713602430202486179,3.4722,0.0765822,0.833135,-0.356445,3.49301,0.111756,0.152392,Four,0.98351,-0.0272794,0.178786,0.0328083,0.999068,-0.0280405,-0.177855,0.0334437,0.983488
1713602430213282957,3.43857,0.070166,0.825566,-0.36759,3.45876,0.104407,0.150682,Four,0.983509,-0.0272638,0.178793,0.0327877,0.99907,-0.0280134,-0.177863,0.0334137,0.983488
1713602430221686247,3.43414,0.064876,0.824825,-0.351819,3.45441,0.0991311,0.150487,Four,0.983503,-0.027303,0.178818,0.0328335,0.999067,-0.0280411,-0.177886,0.0334497,0.983482
1713602430227536321,3.45879,0.06154,0.830278,-0.310175,3.47972,0.0964398,0.151323,Four,0.983502,-0.0272986,0.178827,0.0328294,0.999068,-0.0280419,-0.177894,0.03345,0.983481
1713602430238534043,3.44559,0.0551003,0.827413,-0.309618,3.46641,0.0896992,0.150499,Four,0.983494,-0.0273115,0.178866,0.0328473,0.999066,-0.0280612,-0.177933,0.0334733,0.983473
1713602430246693179,3.47759,0.0496971,0.834679,-0.266629,3.49933,0.0853106,0.151668,Four,0.983488,-0.0273569,0.178896,0.0328962,0.999065,-0.0280702,-0.177961,0.0334917,0.983467
1713602430252088660,3.44645,0.0464497,0.827984,-0.288009,3.46758,0.0813593,0.150539,Four,0.983487,-0.0273933,0.178891,0.0329304,0.999064,-0.0280557,-0.177955,0.0334834,0.983469
1713602430263135375,3.44396,0.0397817,0.827723,-0.274845,3.46527,0.0746652,0.150414,Four,0.983482,-0.0274053,0.178917,0.0329455,0.999063,-0.0280677,-0.17798,0.0334985,0.983464
1713602430271686046,3.41999,0.0346797,0.822168,-0.265194,3.44085,0.068904,0.149122,Four,0.983487,-0.0273982,0.178895,0.0329403,0.999063,-0.0280828,-0.177958,0.0335119,0.983467
1713602430277135041,3.44994,0.0309236,0.829379,-0.260919,3.47169,0.0660412,0.150706,Four,0.983483,-0.0274294,0.178912,0.0329777,0.999061,-0.0281105,-0.177973,0.0335463,0.983463
1713602430288316232,3.4196,0.024503,0.822447,-0.283196,3.44079,0.0588501,0.149117,Four,0.983485,-0.0274387,0.1789,0.0329881,0.99906,-0.0281184,-0.17796,0.0335556,0.983465
1713602430296687024,3.41939,0.0195712,0.823232,-0.298551,3.44087,0.0537092,0.149609,Four,0.983479,-0.0273834,0.178941,0.0329312,0.999062,-0.0281063,-0.178003,0.0335347,0.983458
1713602430302165338,3.41927,0.0163097,0.823232,-0.313133,3.44083,0.0505301,0.149605,Four,0.983482,-0.0274077,0.178917,0.0329536,0.999062,-0.0280983,-0.177979,0.0335302,0.983463
1713602430313402058,3.4493,0.00844682,0.830016,-0.25216,3.4718,0.0434738,0.150701,Four,0.983484,-0.0274063,0.178907,0.0329462,0.999063,-0.0280676,-0.17797,0.0334983,0.983465
1713602430321735210,3.44484,0.00387381,0.829054,-0.275521,3.46736,0.03874,0.1505,Four,0.98349,-0.0273963,0.178879,0.0329411,0.999062,-0.0281008,-0.177941,0.0335294,0.98347
1713602430327443775,3.44233,-9.18665e-05,0.828593,0.237539,3.46491,0.0346129,0.150424,Four,0.983494,-0.0273693,0.178861,0.0329117,0.999063,-0.0280934,-0.177924,0.0335163,0.983473
1713602430338409223,3.4478,-0.00685288,0.830565,0.249277,3.47084,0.0279555,0.151188,Four,0.983495,-0.0273608,0.178853,0.0329003,0.999064,-0.0280792,-0.177917,0.0335001,0.983475
1713602430346740485,3.44452,-0.0117013,0.829815,0.245769,3.46759,0.0229949,0.151035,Four,0.983504,-0.0273544,0.178807,0.0328937,0.999064,-0.0280878,-0.177871,0.033506,0.983483
1713602430352307011,3.4157,-0.0136413,0.823556,-0.348978,3.43819,0.0200877,0.149965,Four,0.983507,-0.0272991,0.178799,0.0328411,0.999065,-0.0281089,-0.177864,0.0335173,0.983484
1713602430363572897,3.44692,-0.0217466,0.831086,0.267969,3.47046,0.0125845,0.151655,Four,0.983514,-0.0272392,0.178767,0.0327839,0.999066,-0.0281353,-0.177834,0.0335321,0.983489
1713602430371730130,3.41199,-0.0256211,0.823034,0.322664,3.43477,0.00787341,0.149884,Four,0.983517,-0.027262,0.178749,0.0328053,0.999066,-0.0281285,-0.177815,0.0335288,0.983493
1713602430377531962,3.44078,-0.0299455,0.830027,0.306301,3.46446,0.00435748,0.151388,Four,0.983511,-0.0272762,0.17878,0.0328174,0.999066,-0.0281105,-0.177846,0.0335141,0.983487
1713602430388290454,3.4291,-0.0359869,0.827989,0.331564,3.45276,-0.00237159,0.151402,Four,0.983522,-0.0271738,0.178737,0.0327167,0.999069,-0.0281368,-0.177806,0.0335209,0.983494
1713602430394770708,3.42995,-0.0396227,0.828209,0.353634,3.45373,-0.00601133,0.151463,Four,0.983528,-0.0271653,0.178704,0.0327031,0.99907,-0.0281153,-0.177774,0.0334964,0.983501
1713602430402550070,3.4292,-0.0435891,0.828662,0.368523,3.45318,-0.0101687,0.151911,Four,0.983529,-0.0271227,0.178703,0.0326669,0.99907,-0.0281555,-0.177773,0.0335295,0.9835
1713602430409667794,3.42779,-0.0480181,0.828312,0.388161,3.45184,-0.0145673,0.15187,Four,0.983539,-0.0271432,0.178647,0.0326882,0.999069,-0.0281681,-0.177716,0.0335441,0.98351
1713602430417427977,3.45271,-0.0527846,0.83439,0.398187,3.47757,-0.0186749,0.153238,Four,0.983538,-0.0271458,0.178653,0.0326901,0.999069,-0.0281634,-0.177722,0.0335399,0.983509
1713602430424516391,3.45993,-0.0572534,0.836334,0.405923,3.48515,-0.0229277,0.153615,Four,0.983532,-0.0271544,0.178681,0.0327024,0.999068,-0.0281777,-0.17775,0.0335569,0.983503
1713602430431735720,3.45706,-0.0615176,0.83632,0.431029,3.48243,-0.0270765,0.15399,Four,0.983531,-0.0272136,0.178677,0.0327648,0.999065,-0.0281903,-0.177743,0.0335804,0.983504
1713602430439259261,3.47761,-0.0666205,0.841357,0.432283,3.50368,-0.0312943,0.155177,Four,0.983531,-0.0273122,0.178664,0.0328625,0.999063,-0.0281797,-0.177727,0.0335869,0.983507
1713602430450243414,3.42396,-0.0708396,0.829673,0.50033,3.44893,-0.0367514,0.153225,Four,0.983536,-0.0273692,0.178625,0.0329207,0.99906,-0.0281888,-0.177686,0.0336051,0.983513
1713602430456797873,3.45239,-0.0754607,0.836623,0.498223,3.47826,-0.0406243,0.154864,Four,0.983537,-0.0273697,0.178622,0.0329191,0.999061,-0.0281777,-0.177683,0.0335939,0.983514
1713602430468408540,3.49159,-0.0827409,0.846218,0.511404,3.51873,-0.0471509,0.157019,Four,0.983536,-0.0272935,0.17864,0.0328463,0.999063,-0.0281997,-0.177703,0.0336031,0.98351
1713602430476705975,3.46702,-0.0861111,0.841092,0.541657,3.49374,-0.0511723,0.156235,Four,0.983536,-0.0272954,0.178639,0.0328471,0.999063,-0.0281935,-0.177702,0.0335971,0.983511
1713602430483268509,3.43868,-0.0880921,0.835113,0.573029,3.46486,-0.0539656,0.1552,Four,0.98353,-0.0272796,0.178673,0.0328325,0.999063,-0.0281956,-0.177736,0.0335975,0.983504
1713602430494206775,3.49034,-0.0958899,0.847981,0.585692,3.51819,-0.0603524,0.158174,Four,0.983518,-0.0272968,0.178739,0.0328513,0.999063,-0.02819,-0.177802,0.0335972,0.983493
1713602430501763306,3.49454,-0.0998878,0.849039,0.60715,3.52262,-0.0642304,0.158381,Four,0.98352,-0.0273006,0.178726,0.0328583,0.999062,-0.0282098,-0.177788,0.0336175,0.983494
1713602430507520677,3.49367,-0.102592,0.849516,0.626695,3.52193,-0.0669799,0.158857,Four,0.983517,-0.0272989,0.178741,0.0328584,0.999062,-0.0282171,-0.177803,0.0336251,0.983491
1713602430518786681,3.53257,-0.109788,0.859256,0.640951,3.56213,-0.0731375,0.161269,Four,0.983517,-0.0273085,0.178743,0.0328738,0.99906,-0.0282474,-0.177804,0.0336577,0.98349
1713602430526732600,3.49624,-0.111658,0.851408,0.678071,3.52504,-0.0759688,0.159961,Four,0.983517,-0.027309,0.17874,0.032867,0.999062,-0.0282075,-0.177802,0.0336172,0.983492
1713602430532444577,3.52344,-0.11552,0.858063,0.684376,3.5531,-0.0791129,0.161439,Four,0.983512,-0.027309,0.178767,0.0328636,0.999062,-0.0281841,-0.17783,0.0335943,0.983488
1713602430543231886,3.54807,-0.121308,0.864689,0.707872,3.57866,-0.0843403,0.163428,Four,0.983515,-0.0272898,0.178754,0.0328415,0.999063,-0.0281725,-0.177818,0.0335787,0.98349
1713602430564650777,3.44029,0.201707,0.823518,-0.74843,3.4565,0.235755,0.152907,Five,0.983514,-0.0272257,0.17877,0.0327907,0.999063,-0.0282482,-0.177833,0.0336445,0.983485
1713602430572751870,3.44411,0.196933,0.823917,-0.72681,3.46045,0.231171,0.15256,Five,0.983519,-0.0272458,0.178741,0.0328064,0.999063,-0.0282274,-0.177804,0.033626,0.983491
1713602430578509774,3.46372,0.194075,0.827586,-0.698975,3.48045,0.228993,0.152677,Five,0.983523,-0.0272842,0.178714,0.0328387,0.999063,-0.0281956,-0.177778,0.0335997,0.983497
1713602430587784062,3.44336,0.187379,0.823003,-0.680789,3.4598,0.221684,0.151495,Five,0.98352,-0.0272609,0.178733,0.0328159,0.999064,-0.028197,-0.177797,0.0335976,0.983494
1713602430594473139,3.44485,0.183233,0.823114,-0.660502,3.46141,0.217528,0.151096,Five,0.983515,-0.0272442,0.178763,0.0328042,0.999063,-0.0282204,-0.177827,0.0336194,0.983487
1713602430604397030,3.41829,0.17572,0.816693,-0.640947,3.43434,0.209377,0.14921,Five,0.983512,-0.0272581,0.178777,0.0328232,0.999062,-0.0282447,-0.177839,0.033647,0.983484
1713602430611704227,3.44409,0.171566,0.82238,-0.610324,3.46084,0.206105,0.150072,Five,0.983509,-0.0273141,0.178782,0.0328843,0.999059,-0.0282672,-0.177842,0.0336802,0.983483
1713602430617590698,3.41856,0.166653,0.816614,-0.601166,3.43483,0.200524,0.148718,Five,0.983506,-0.0273151,0.178799,0.0328866,0.999059,-0.0282711,-0.177858,0.0336849,0.983479
1713602430628325949,3.39301,0.158547,0.810798,-0.582702,3.40889,0.191769,0.147285,Five,0.983507,-0.0273194,0.178792,0.0328865,0.99906,-0.0282477,-0.177853,0.0336617,0.983481
1713602430634513787,3.07786,0.143352,0.742695,0.764749,3.08717,0.168188,0.135806,Five,0.983505,-0.0273315,0.178806,0.0328983,0.99906,-0.0282418,-0.177865,0.0336583,0.983479
1713602430642856482,2.84711,0.132788,0.692062,0.79499,2.85146,0.151433,0.126766,Five,0.983509,-0.02732,0.178783,0.0328898,0.999059,-0.0282642,-0.177843,0.0336782,0.983482
1713602430649563450,3.38665,0.143229,0.808224,-0.519533,3.40257,0.176416,0.145549,Five,0.983516,-0.0273468,0.178743,0.0329137,0.999059,-0.0282533,-0.177802,0.0336706,0.98349
1713602430659531188,3.39433,0.135752,0.810245,-0.49488,3.41068,0.169284,0.145858,Five,0.983511,-0.0273871,0.178762,0.0329545,0.999058,-0.0282492,-0.17782,0.0336744,0.983487
1713602430666711825,3.36779,0.129866,0.804303,-0.487387,3.38368,0.162711,0.144444,Five,0.983507,-0.0273891,0.178787,0.0329534,0.999058,-0.0282271,-0.177845,0.0336531,0.983483
1713602430672804466,3.3745,0.125556,0.805412,-0.471808,3.3906,0.158466,0.144284,Five,0.983513,-0.0273519,0.178759,0.032913,0.99906,-0.028218,-0.17782,0.0336363,0.983488
1713602430679435565,3.40015,0.121163,0.810663,-0.437481,3.41689,0.154714,0.14474,Five,0.983513,-0.0273343,0.178758,0.0328941,0.999061,-0.0282122,-0.177819,0.0336271,0.983488
1713602430689744132,3.37364,0.112378,0.804603,-0.426327,3.38997,0.145322,0.143336,Five,0.983519,-0.0273616,0.178721,0.0329235,0.999059,-0.0282288,-0.177781,0.0336477,0.983495
1713602430696683405,3.37617,0.107178,0.805354,-0.400834,3.39273,0.140198,0.143453,Five,0.983519,-0.0273645,0.17872,0.0329268,0.999059,-0.0282303,-0.17778,0.0336497,0.983495
1713602430702856565,3.34367,0.101847,0.798072,-0.412938,3.35961,0.134058,0.141779,Five,0.983513,-0.0273781,0.178752,0.0329402,0.999059,-0.0282226,-0.177811,0.0336454,0.983489
1713602430709727973,3.37774,0.0967364,0.805771,-0.372152,3.39464,0.129947,0.143049,Five,0.983509,-0.0274017,0.178772,0.03296,0.999059,-0.0281953,-0.177831,0.0336227,0.983486
1713602430716708646,3.38918,0.0909565,0.80858,-0.340154,3.40655,0.124498,0.143519,Five,0.983505,-0.0274099,0.178791,0.0329712,0.999058,-0.0282077,-0.17785,0.0336374,0.983483
1713602430723894632,3.37855,0.0855008,0.805927,-0.333424,3.39578,0.118645,0.142591,Five,0.983505,-0.027373,0.178798,0.0329345,0.999059,-0.0282111,-0.177857,0.0336343,0.983481
1713602430734204879,3.35132,0.0768938,0.799917,-0.344342,3.36817,0.109253,0.141199,Five,0.983504,-0.0273543,0.178808,0.0329195,0.999059,-0.0282307,-0.177867,0.0336512,0.983479
1713602430741720506,3.38345,0.0710853,0.807569,-0.305843,3.40129,0.104355,0.14281,Five,0.983503,-0.027374,0.17881,0.0329434,0.999058,-0.0282517,-0.177869,0.0336762,0.983478
1713602430747651570,3.39207,0.0664953,0.809628,-0.275958,3.41027,0.0997222,0.143171,Five,0.983506,-0.0272955,0.178801,0.0328651,0.99906,-0.0282615,-0.177862,0.0336717,0.983479
1713602430758326065,3.39104,0.0578007,0.809756,-0.264541,3.40954,0.0906805,0.143143,Five,0.983507,-0.0272049,0.178812,0.03278,0.999062,-0.0282978,-0.177874,0.0336926,0.983476
1713602430766792616,3.39116,0.0511858,0.809398,-0.252125,3.40976,0.0840981,0.142662,Five,0.983513,-0.0272105,0.17878,0.0327878,0.999061,-0.0283155,-0.177842,0.0337105,0.983481
1713602430772627471,3.39053,0.0458666,0.80985,-0.254278,3.40936,0.0787353,0.143131,Five,0.983518,-0.0272046,0.178753,0.0327731,0.999063,-0.0282724,-0.177816,0.0336647,0.983488
1713602430783450236,3.36154,0.0372371,0.803347,-0.262142,3.37992,0.0693811,0.141651,Five,0.98352,-0.0272139,0.178738,0.0327788,0.999063,-0.0282548,-0.177801,0.033648,0.983491
1713602430791735454,3.38784,0.0298457,0.809224,-0.263931,3.40703,0.0626692,0.142515,Five,0.983521,-0.0272066,0.178735,0.0327692,0.999064,-0.0282435,-0.177799,0.0336351,0.983492
1713602430798051492,3.39084,0.0247752,0.810115,-0.244041,3.41029,0.0575586,0.142673,Five,0.983521,-0.0271728,0.178738,0.0327368,0.999065,-0.0282537,-0.177803,0.0336394,0.983491
1713602430808422251,3.38987,0.0160736,0.810625,-0.24713,3.40966,0.0487871,0.143129,Five,0.983525,-0.0271659,0.178717,0.0327343,0.999064,-0.0282828,-0.177782,0.033667,0.983494
1713602430816756527,3.38609,0.00911114,0.809924,-0.254183,3.406,0.041933,0.142968,Five,0.983528,-0.0272264,0.178693,0.0327944,0.999062,-0.0282799,-0.177756,0.0336742,0.983498
1713602430822796256,3.39014,0.00357284,0.81117,0.200773,3.41036,0.0363003,0.14317,Five,0.983524,-0.0271676,0.178725,0.0327346,0.999064,-0.0282728,-0.177789,0.0336575,0.983493
1713602430830244734,3.38188,-0.00263928,0.809515,0.202325,3.40211,0.0298845,0.142841,Five,0.983526,-0.0271724,0.178714,0.0327399,0.999064,-0.0282778,-0.177778,0.033663,0.983495
1713602430836953129,3.38539,-0.00838159,0.810465,0.213561,3.40588,0.0243134,0.142996,Five,0.983527,-0.0271952,0.178704,0.0327624,0.999063,-0.0282756,-0.177767,0.0336646,0.983497
1713602430843634458,3.35303,-0.0132329,0.803165,0.269747,3.37289,0.0185972,0.141375,Five,0.983526,-0.0271903,0.178712,0.0327578,0.999063,-0.028276,-0.177776,0.0336644,0.983495
1713602430854019699,3.35484,-0.0216411,0.804298,0.276957,3.3751,0.0101457,0.141926,Five,0.983528,-0.0271706,0.178701,0.0327464,0.999062,-0.0283259,-0.177763,0.0337111,0.983496
1713602430861790199,3.35163,-0.0281013,0.804157,0.302995,3.37209,0.00349217,0.142229,Five,0.983534,-0.0271439,0.178675,0.0327222,0.999062,-0.0283472,-0.177738,0.0337271,0.9835
1713602430867683956,3.34286,-0.0323437,0.802422,0.304565,3.36327,-0.00121806,0.141916,Five,0.983535,-0.0270755,0.178679,0.0326548,0.999064,-0.0283582,-0.177744,0.0337261,0.983499
1713602430878205123,3.3464,-0.0408163,0.803537,0.316413,3.36719,-0.00965225,0.142102,Five,0.983535,-0.0270617,0.178678,0.0326469,0.999064,-0.0283918,-0.177742,0.0337576,0.983498
1713602430886754978,3.36647,-0.0482587,0.808547,0.326123,3.38802,-0.016641,0.143237,Five,0.983537,-0.0270429,0.17867,0.0326285,0.999064,-0.0283972,-0.177735,0.0337594,0.983499
1713602430892846440,3.37996,-0.0535537,0.81195,0.319069,3.40203,-0.0215404,0.144092,Five,0.983541,-0.0270579,0.178647,0.0326443,0.999063,-0.0284051,-0.177711,0.0337694,0.983503
1713602430899629073,3.36297,-0.0584534,0.808457,0.353119,3.38482,-0.0268297,0.143588,Five,0.983545,-0.0270759,0.178625,0.0326596,0.999063,-0.0283926,-0.177689,0.0337592,0.983508
1713602430909585738,3.33645,-0.0652707,0.803101,0.390795,3.35798,-0.0344908,0.142706,Five,0.983541,-0.0270354,0.178651,0.0326213,0.999064,-0.028403,-0.177716,0.0337634,0.983502
1713602430916765681,3.36413,-0.0716258,0.809883,0.390612,3.38659,-0.0401787,0.144201,Five,0.983539,-0.0270223,0.178663,0.0326136,0.999064,-0.0284317,-0.177727,0.0337905,0.983499
1713602430922703993,3.40544,-0.0778829,0.81992,0.379556,3.42918,-0.0454022,0.146481,Five,0.983538,-0.0270094,0.178673,0.0325924,0.999066,-0.0283852,-0.177739,0.0337413,0.983499
1713602430933301017,3.38104,-0.0847906,0.81481,0.419578,3.40445,-0.0530989,0.145653,Five,0.983544,-0.0269703,0.178645,0.0325587,0.999066,-0.0284237,-0.177712,0.0337724,0.983503
1713602430941726781,3.38252,-0.0911091,0.815949,0.44726,3.40628,-0.0593918,0.146244,Five,0.983541,-0.0269731,0.178661,0.0325685,0.999064,-0.0284597,-0.177726,0.0338099,0.983499
1713602430947837682,3.38702,-0.0959593,0.817623,0.461161,3.41114,-0.0641745,0.14688,Five,0.983539,-0.0269622,0.178673,0.0325581,0.999065,-0.0284604,-0.177739,0.0338091,0.983497
1713602430958317373,3.38347,-0.103456,0.817177,0.484499,3.40777,-0.0717288,0.146849,Five,0.98354,-0.0269725,0.178665,0.0325647,0.999065,-0.0284409,-0.177731,0.0337909,0.983499
1713602430966786320,2.87064,-0.0832308,0.706049,-0.824942,2.88298,-0.065053,0.129403,Five,0.983541,-0.026976,0.178659,0.0325685,0.999065,-0.0284436,-0.177725,0.0337941,0.9835
1713602430972361872,3.11076,-0.0981085,0.758825,-0.770923,3.12898,-0.0735822,0.138102,Five,0.983539,-0.0269791,0.178668,0.0325677,0.999065,-0.0284199,-0.177734,0.0337709,0.983499
1713602430983256717,3.40044,-0.121711,0.82336,0.554056,3.42606,-0.0897599,0.149298,Five,0.983542,-0.0269239,0.178663,0.0325165,0.999066,-0.0284474,-0.177731,0.0337887,0.983499
1713602430991768511,3.44629,-0.129997,0.834562,0.552877,3.47337,-0.0968237,0.151892,Five,0.983542,-0.0269354,0.178663,0.0325263,0.999066,-0.0284371,-0.17773,0.0337803,0.983499
1713602430997648612,3.42008,-0.132829,0.828722,0.581444,3.44662,-0.100144,0.150973,Five,0.983553,-0.0269936,0.178591,0.0325821,0.999065,-0.0284326,-0.177656,0.0337838,0.983513
1713602431008238308,3.44867,-0.141361,0.836582,0.603311,3.47636,-0.107884,0.153411,Five,0.983556,-0.0270148,0.178571,0.0325992,0.999065,-0.0284118,-0.177636,0.0337659,0.983517
1713602431016749198,3.44748,-0.146731,0.836529,0.624943,3.47533,-0.113372,0.15344,Five,0.98356,-0.0269926,0.178555,0.0325815,0.999064,-0.028442,-0.17762,0.033792,0.983519
1713602431022758949,3.39784,-0.147722,0.825659,0.659567,3.42458,-0.115558,0.15172,Five,0.983568,-0.0270247,0.178504,0.0326058,0.999065,-0.0284061,-0.17757,0.0337596,0.983529
1713602431033375653,3.45412,-0.157421,0.839773,0.672553,3.48271,-0.124092,0.155299,Five,0.983571,-0.026947,0.178497,0.0325299,0.999067,-0.028424,-0.177564,0.0337636,0.98353
1713602431041763396,3.47703,-0.164001,0.845387,0.691484,3.50642,-0.130125,0.156664,Five,0.983578,-0.0269344,0.17846,0.0325125,0.999068,-0.0284062,-0.177528,0.0337419,0.983537
1713602431047422396,3.47742,-0.167463,0.846418,0.707521,3.50708,-0.133393,0.157499,Five,0.983577,-0.0269921,0.17846,0.0325683,0.999066,-0.0283901,-0.177527,0.033736,0.983538
1713602431066853578,3.54629,0.158281,0.850517,-0.761559,3.56678,0.194076,0.160095,Two,0.983569,-0.0269614,0.17851,0.0325332,0.999068,-0.0283591,-0.177579,0.0337006,0.983529
1713602431072656092,3.5378,0.155285,0.848078,-0.74336,3.55805,0.19112,0.159194,Two,0.983571,-0.0270294,0.178487,0.0325992,0.999066,-0.0283466,-0.177555,0.0336995,0.983534
1713602431083292923,3.51263,0.150031,0.842255,-0.72083,3.53243,0.184929,0.157681,Two,0.983569,-0.0269508,0.178508,0.0325268,0.999068,-0.0283837,-0.177577,0.0337237,0.983529
1713602431089603275,3.46267,0.145957,0.830665,-0.717804,3.48133,0.179446,0.154965,Two,0.983568,-0.0269165,0.17852,0.0324903,0.999069,-0.0283724,-0.17759,0.0337064,0.983527
1713602431097891290,3.46269,0.141765,0.830797,-0.691285,3.48149,0.175351,0.154871,Two,0.983564,-0.0269411,0.178541,0.0325099,0.99907,-0.0283387,-0.177611,0.0336773,0.983524
1713602431104827722,3.49016,0.139005,0.836886,-0.660431,3.50966,0.173512,0.155871,Two,0.983561,-0.0269942,0.178545,0.0325569,0.999069,-0.0282986,-0.177615,0.0336463,0.983525
1713602431111671854,3.48771,0.135723,0.835812,-0.642807,3.50713,0.170166,0.155297,Two,0.983569,-0.0269926,0.178504,0.0325592,0.999068,-0.0283286,-0.177573,0.0336751,0.983531
1713602431118198390,3.49041,0.132723,0.836082,-0.619733,3.50993,0.16721,0.154941,Two,0.983567,-0.0269824,0.178516,0.0325535,0.999068,-0.0283525,-0.177584,0.0336979,0.983529
1713602431125146042,3.48826,0.12916,0.835725,-0.608549,3.50785,0.163523,0.15481,Two,0.983565,-0.0269643,0.178527,0.0325394,0.999068,-0.0283734,-0.177596,0.0337163,0.983526
1713602431133356791,3.48376,0.124898,0.834892,-0.580389,3.50339,0.159225,0.154582,Two,0.983562,-0.0269859,0.178545,0.0325584,0.999068,-0.0283539,-0.177613,0.033701,0.983523
1713602431144292081,3.48205,0.119058,0.83386,-0.552381,3.50168,0.153498,0.15359,Two,0.983556,-0.0270237,0.17857,0.0325996,0.999066,-0.0283647,-0.177637,0.0337196,0.983518
1713602431151762502,3.48048,0.115085,0.833552,-0.52728,3.50018,0.149408,0.153491,Two,0.98356,-0.0270011,0.178552,0.0325728,0.999067,-0.0283467,-0.17762,0.0336966,0.983522
1713602431157719842,3.49321,0.111897,0.836077,-0.510409,3.51324,0.146507,0.15363,Two,0.983562,-0.0269825,0.178543,0.0325476,0.999069,-0.0283136,-0.177613,0.0336593,0.983525
1713602431165194319,3.46009,0.107566,0.828494,-0.500934,3.47945,0.141161,0.151856,Two,0.983561,-0.0269363,0.178554,0.0324962,0.999071,-0.0282867,-0.177627,0.033624,0.983523
1713602431172335661,3.46767,0.10399,0.830345,-0.483868,3.48733,0.137731,0.152181,Two,0.983561,-0.0269205,0.178561,0.0324769,0.999073,-0.0282676,-0.177634,0.033602,0.983523
1713602431179155974,3.43368,0.0996507,0.822647,-0.478725,3.45265,0.132476,0.150451,Two,0.983559,-0.0269088,0.178573,0.0324598,0.999074,-0.0282367,-0.177648,0.0335688,0.983521
1713602431189393510,3.46557,0.0942284,0.829752,-0.428221,3.48543,0.127792,0.151589,Two,0.98356,-0.0268785,0.178571,0.0324241,0.999076,-0.0282096,-0.177648,0.0335358,0.983523
1713602431196661935,3.48133,0.0905862,0.833388,-0.410119,3.50168,0.12452,0.15228,Two,0.983562,-0.0268663,0.17856,0.0324094,0.999077,-0.0281988,-0.177638,0.0335223,0.983525
1713602431202726617,3.44175,0.0868214,0.82427,-0.415409,3.46123,0.119717,0.150249,Two,0.983564,-0.0268636,0.178552,0.0324115,0.999076,-0.0282271,-0.177629,0.0335503,0.983526
1713602431210297466,3.46377,0.0826288,0.829222,-0.378522,3.48389,0.115914,0.151044,Two,0.983564,-0.0268112,0.178558,0.0323625,0.999077,-0.0282494,-0.177636,0.0335637,0.983524
1713602431217221428,3.44612,0.078296,0.82502,-0.375264,3.46589,0.111006,0.149974,Two,0.983569,-0.0267765,0.178537,0.0323289,0.999078,-0.0282623,-0.177616,0.0335698,0.983527
1713602431224267724,3.47251,0.0744858,0.831296,-0.33634,3.49307,0.107794,0.151384,Two,0.983572,-0.0267546,0.178522,0.032308,0.999078,-0.0282725,-0.177601,0.0335757,0.98353
1713602431234645700,3.44783,0.0682939,0.825567,-0.33301,3.46795,0.100688,0.150041,Two,0.98358,-0.0266771,0.178489,0.0322363,0.999079,-0.0283181,-0.177569,0.033607,0.983534
